0.0006818738002947642	0.0006814866379118222	0.0006809589881190134	0.0006808927468312108	0.0006847252783005385	0.000708162460378743	0.000815030641079984	0.0012118721371109763	0.0020170575128732366	0.0009555610236513887	0.0010232909084545326	0.00148597588669726	0.0014465361633273282	0.00116144841695779	0.0014388863731433978	0.0015883691665441908	0.0009798613148410068	0.0008547312380421235	0.0013301095835236627	0.001763695009106134	0.001173005427212414	0.001479332019913616
0.026296580464183004	0.02628433074534244	0.02625966922598352	0.026209744412145533	0.02610784692305988	0.02589852355940389	0.025475911580716437	0.024723318537079802	0.024149404560355477	0.025225594261236255	0.02441219813207572	0.02288395996146188	0.020382292622587707	0.013990350857461885	0.007764106942385656	0.022946991594773394	0.017995747694892174	0.018876946155675943	0.008128461309749997	0.014242645137189643	0.009982980588412103	0.016794509615073092
0.057699047250083214	0.05770432133821989	0.057713886703956524	0.05772915659533947	0.05774486174115795	0.05772235171465338	0.05750762232519393	0.05664864341341918	0.05327320437375632	0.049819238207857545	0.03666445433882908	0.01750858862415253	0.022317008712309138	0.013212594202668309	0.024081156082923733	0.015887014485535263	0.023668379323024714	0.027535831580440942	0.0290229297904876	0.010885138451429075	0.02936452536426979	0.031994058138223716
0.034098583631116154	0.0340424198783394	0.0339265222505068	0.033680645305767545	0.03313435033732045	0.031840880500156335	0.028629103534471793	0.021387531557438888	0.011651536228634582	0.018479288540366238	0.01111912755372385	0.014341234744487173	0.020886062083039177	0.009763064778995056	0.006426475641918441	0.016621416723829344	0.0072064336784313735	0.00781489918723075	0.010506820044216091	0.012497661439312628	0.008811930425821802	0.013637853124478719
0.05802677504938608	0.05808051890725761	0.05818089853889317	0.058352904749500396	0.05857999975205511	0.05856218701511059	0.05677284841261317	0.048952989148835765	0.03359295466054518	0.02385349038292814	0.014493158835174711	0.006133470491665247	0.009735266353884232	0.010509057389117324	0.011396144601239921	0.009523149981137973	0.024046190818299465	0.014444837202087545	0.011848269714533849	0.012580954080641313	0.010081558920019412	0.005398617120892229
0.2007404293431356	0.20082921407073948	0.20094825498879001	0.2009501865200089	0.19999899747386682	0.19429078410206985	0.1693348777978235	0.0956900712421467	0.028177740147725505	0.022283518592837375	0.017261617978194678	0.0259172063323341	0.017372425505006433	0.018065395619707072	0.022356193490968627	0.02286893596033069	0.018761160164831307	0.022825473032350302	0.02050274543100407	0.01743026732772717	0.019298205683001193	0.01873221508272583
0.1708779406535555	0.1707828202672248	0.17050057737327481	0.16957019939884146	0.16627672391095266	0.1544182422897661	0.11600475158837702	0.04150805745603675	0.018848170279981837	0.0192176216408302	0.021745660060643726	0.015955355896479447	0.014380746735847896	0.016890092624055636	0.01655380641818125	0.012301220423220129	0.014673437729539147	0.021196005002310357	0.014115880202839624	0.019875140232803443	0.013337338545293322	0.014581004157542246
0.13738357212063407	0.13733398853090711	0.13708484862865622	0.13599240514124344	0.13152102689684095	0.11478309343222179	0.06687441591207928	0.014392022718303999	0.011385958077910121	0.011206997505470504	0.014658111058579273	0.009109864999493743	0.01251292789611025	0.010317003524619893	0.007571737562319421	0.007513987747524695	0.010324717823720254	0.006345997959456776	0.00810158963990841	0.013055133703302933	0.011165703811637683	0.008287106513263807
0.0951974719919374	0.0951231301482093	0.09480127031726868	0.0934752038875952	0.08825415606433636	0.0698541980546337	0.02646818882950172	0.003376826758754868	0.0021898346758977517	0.004945627534499574	0.0030494098915568725	0.0024095046417549537	0.0022696584153455825	0.0025483537451034812	0.003521979231540518	0.002660589306746557	0.003363385376131952	0.0020853555141209165	0.0023062583479565393	0.002495597528807759	0.0016627754398301363	0.0027124153780077273
0.04446398933962545	0.044448924724889594	0.04429727209877623	0.043514661106172095	0.0401633091469497	0.028361009994202945	0.0052928243845744025	0.001122566346148379	0.0005952640893604083	0.0006297997966105329	0.0004375275127590324	0.0006872564542420758	0.0009708703677295162	0.0008384159632037195	0.00042552007593667755	0.0005968183259116584	0.0004379444062453382	0.0004827587549472663	0.0008411161081741725	0.0006777671210006646	0.0007480533744002654	0.0006183451892467345
0.022732366765523215	0.022705646100754942	0.02257366994066059	0.022002570769172915	0.01975050781429161	0.012499425637383783	0.0013339963230390795	0.00025905126055105127	0.00022950405210510715	0.0003554405726991284	0.00016458487313682695	0.000320150045637138	0.0005236816128346381	0.0002539938020940721	0.0002832449920692596	0.0002834817863088409	0.0004258836981293555	0.00035736462187731553	0.0006383142663207659	0.00020258515590487592	0.00012160287344396979	0.0004631144843494379
0.005419170143264501	0.005407487315487563	0.005357043732962495	0.0051515935606805925	0.004381698785362974	0.0021779827396881993	0.000040294825290312487	0.000019067644377082067	0.00006889875250368152	0.00003018520352630946	0.0000573975491790728	0.00011719935449132761	0.00006917002974640317	0.000025769481558359822	0.00019369423130338056	0.00013188957157019227	0.00011443322027601979	0.00004174977171170247	0.00008201663680433075	0.00007909867456016827	0.00010913153662929834	0.00021748012739505657
0.0023059816953771932	0.002305285369833989	0.0022883997045579007	0.0021945724232540708	0.0018038409585815671	0.0007166522176525047	0.00002121018690190729	8.129024605544523e-6	8.430106269418326e-6	0.00004009619492385673	6.282458291374995e-6	0.000016234774790636028	0.00001741846654755232	0.00003659785833141086	0.00004596333397291302	3.660974451587689e-6	0.0000380605323718851	0.000058309454357550824	6.229099255971304e-6	0.00003943974136846108	0.000012422185901123446	0.00006945733616238251
0.004157072462137212	0.004152848999345104	0.004114820001394022	0.00392481339071958	0.003167300992192551	0.0011575878753342734	0.00003813888224903008	0.000021295812086412	2.1246793657270619e-7	9.931453378972118e-6	4.250611024184546e-6	3.1122342286788547e-6	0.000017332609488038546	0.000011633736240419863	1.9619718143452532e-6	0.000015219607698760743	2.435124817715036e-6	2.0197929314286406e-6	2.061513180770041e-6	0.000010101255226673136	0.00004263997418681211	3.962424279738228e-6
0.00030711504268306184	0.0003070222320964076	0.00030687031031772377	0.00030670465009110165	0.00030695478840929425	0.0003100320095691246	0.00032867774043645215	0.00043112281122708516	0.0008777382144852722	0.0008177340124336497	0.0015673882209922877	0.00236098001867343	0.005163385156427665	0.012292037742758097	0.016155083261648103	0.0010916125636585196	0.0036842399606792564	0.007975377689523062	0.01677196315598009	0.007946977286986012	0.015150870531909845	0.008940882649249866
0.004770783319628	0.004757374043426568	0.004730436425443149	0.004676139401942633	0.004566304177420075	0.0043453091768943615	0.0039255843873039434	0.0033094211679700284	0.002756063509301193	0.006267567991612673	0.019782999945580807	0.03697037652991608	0.028325819364635345	0.04572053680851447	0.031492883717822065	0.036074753690003014	0.04210558180461184	0.03227490239587123	0.01940191083841905	0.049444019373324814	0.030791696209338783	0.02293080386746672
0.0054178590210236	0.005436608687652941	0.005474942573141832	0.005554821506431269	0.005726397997612522	0.006108608120469213	0.006966954531899191	0.008659687016544796	0.01000007422038457	0.008864135541585615	0.012246645981457766	0.012455052572208669	0.006711839299877991	0.010613265191929115	0.014270893957006144	0.022072351152327377	0.010324254002752194	0.005672267352761585	0.009130688033421895	0.00861887972057281	0.005087923816687489	0.01777185834639141
0.008382917043377036	0.00837470803466363	0.00836000598183843	0.008337586696753076	0.00832153841686893	0.008409373338388041	0.009066524592854897	0.011732472524249818	0.01667320564840669	0.01937419254952394	0.009795221065271144	0.016669588123321734	0.014624180027769943	0.011464706004196292	0.014562337018623061	0.017472172142399323	0.0076095929726614645	0.026057355566816678	0.01462576945734068	0.016538349133911827	0.018549390308380174	0.015653219130321253
0.007417596187228893	0.007436907738095493	0.007476907540045948	0.007562389104883096	0.007755253341432792	0.008230650525008435	0.009569054033041164	0.013496678209644052	0.018887828179403432	0.019280788477417213	0.02412357146442644	0.010538469069340244	0.022131829452190162	0.01809154579723637	0.008020218730239611	0.01846192626948218	0.0179041784165449	0.007815613310746601	0.01610519431559141	0.011682264748211137	0.01119413334787893	0.011738187903099585
0.02895920435916368	0.02893331530141844	0.02888117105025504	0.02877548168333518	0.028559483472311457	0.028123157359997458	0.027412103427763616	0.02820964177300465	0.026454587117417	0.030753986909093048	0.026476454553366665	0.02521877186340061	0.020691420304029262	0.032536174440788594	0.02309596424901744	0.025719126653784403	0.031738379012271285	0.033751567244081515	0.024123963233566713	0.024232283304542346	0.030081314273931094	0.023167744369470892
0.03476938242183425	0.034777867427680936	0.0347842469582494	0.034752875619375546	0.0345036252535424	0.03325444863373932	0.028882212359488447	0.02560872696820857	0.02460290294334976	0.01997356914757354	0.018531661471601627	0.021653610137849742	0.01890006333664576	0.01599237496341097	0.019857753349563908	0.015959768341600206	0.014228123117457265	0.018843708852634717	0.01619568025106367	0.02198512083036712	0.020958510719869438	0.0217588627489112
0.02035182248434422	0.02036641418157028	0.020384174321887535	0.020373800605281354	0.020172502090910812	0.01914288812449928	0.016110559513462384	0.01428893545054357	0.016171422663244787	0.013067216364283797	0.012217792139005076	0.012286540493354413	0.010975820073443918	0.012229828481333024	0.011377743014622825	0.012048074490798878	0.010850415698935393	0.010601184132471176	0.011047003973593402	0.012362340643925886	0.009758947239847491	0.01040861946839614
0.013723273779710896	0.013754908198192372	0.013791724788083763	0.013759980264696551	0.013293839026366841	0.011106868462240797	0.005827171491890192	0.004402936285281864	0.002808651684923062	0.0030093188162119435	0.004117599296539768	0.002805360886938482	0.0033148519067522975	0.0036048257396181643	0.00272179060374955	0.003244007967147625	0.00330204170261917	0.0036254980832014327	0.003602050895422136	0.0029563864040950227	0.002530813998688198	0.003747068627452904
0.004473895185806056	0.004473922591962452	0.0044609279070179425	0.004383619069021617	0.004040515094949548	0.0028541708501563737	0.0007878429149836474	0.00046876178108744515	0.0004849299030843703	0.0006463327533373472	0.0005715079197076637	0.0011293365361168114	0.000514508106134496	0.0008425270746226158	0.0004927052486361107	0.0008845913136181431	0.0005426775860128775	0.00036475662593765846	0.0007171088569381976	0.0006063747531516419	0.000931614610728863	0.0005546116671989183
0.0025278910738003547	0.0025243600480195924	0.002504198615413919	0.002413303593841603	0.0020585307801341676	0.0010377977747124216	0.00008395835716584911	0.00014674101478110736	0.0001400075757802677	0.00032940063897685036	0.0003611751801164619	0.00037882850432608155	0.00037582184691400803	0.00047538366676671797	0.0005681377329828824	0.00022835420178438223	0.00033385763176823377	0.0005390216689194647	0.0003156996564005608	0.00039007276120157637	0.00034693961162356537	0.00033863008798283426
0.0032583747826528107	0.003252087848989769	0.0032200795206363403	0.0030812924697600735	0.0025526429003754287	0.0011047503827289781	0.0000321468934272462	0.000049786762161214444	0.000054675475892739204	0.00009050246575163857	0.00008188752749359423	0.00016066079848181753	0.00028974351361610496	0.00020744380879685978	0.0000689723775324941	0.00010332517603111783	0.00010192101209754198	0.000077463428466608	0.0002832379535436284	0.00011324457783237746	0.00010903208532901167	0.00008540490222946575
0.0004946470093175369	0.0004931486762756113	0.0004864797178901565	0.00045914155092629144	0.00035955770976032694	0.00011569797146160991	0.000011092038816757778	0.00001187485668621149	0.000014805278062775065	0.0000292239130174135	0.00003998518953626742	0.00003810350159732151	0.0000318668713903494	0.00004603480715403938	0.00005637872303142673	0.00011223002516150637	0.00008300377214319996	0.0001309747594488199	0.00007649770009238605	0.00003110404337311607	0.0000993293101416605	0.000035180548536403066
0.00025665611723439376	0.0002564368229785073	0.00025424987099049876	0.00024316276217677542	0.00019877296099835826	0.00007914663288337146	1.1824669640355164e-6	2.9714014123891836e-7	2.7871126048857503e-6	6.008456886421404e-6	3.897370952199834e-6	0.000027482539057413587	3.5716472550313405e-6	5.713564923314241e-6	5.223085013555547e-6	0.00002238256727704751	3.88339596330324e-6	0.000012450596014342468	0.000026102285232652698	0.00001561138833330157	7.851942068905644e-6	8.758225224362702e-6
0.00009894591673541674	0.00010067993655284433	0.00010437915447953055	0.00011270305435896117	0.00013305912794577825	0.00018865506709618262	0.00035939215160330575	0.0009155011256453979	0.0021743065974195136	0.0032583879315347796	0.005789984498217408	0.008816507131181026	0.011467354694335543	0.0008420050657810024	0.007183431038794676	0.00815109579841021	0.0011691946715773557	0.0056628145894414466	0.01250292418904268	0.002357829729925861	0.0014065355391598112	0.008855448752729157
0.00015128804287594397	0.00014973915472389754	0.0001478737493670067	0.000148917734350376	0.00016881291867668893	0.00026902811384143887	0.0006306858027401944	0.0017273872020303167	0.005525768255071266	0.0038871490338855466	0.009855539162199004	0.01292655512410065	0.010901289311634466	0.009694910775399431	0.01030333651964163	0.009272101782475778	0.013930476974970756	0.005515798570153465	0.008330107604424644	0.013366290967254606	0.013728898177324556	0.004104449264689045
0.00013774773162414765	0.00013674218878698206	0.0001367331045028868	0.0001446939231610266	0.00019215368910774984	0.0004076920857649525	0.0012355899418888517	0.003401668618460539	0.0063623661799896095	0.007189096056394665	0.005158282252309153	0.017612990874760513	0.013841011147341618	0.011532589597572206	0.011892122223209045	0.008806252155283792	0.012315391166944188	0.015842437891416462	0.010430692455069609	0.004865777189210941	0.009870765738011137	0.00936290192646748
0.00014219456614143273	0.00014662064463405057	0.00016590934163165097	0.00024598806682266626	0.0005687606213211951	0.0018160361943562859	0.0060467881285253145	0.014538634378093163	0.01526027005449507	0.019799952284227998	0.022786591322393305	0.02024969168483981	0.016843020117512132	0.01632042070084171	0.02355668966275233	0.03070604283717234	0.016853445235039476	0.01663256293489926	0.011635103574866324	0.015990543655903598	0.013075150684573402	0.016230724951578592
0.0003319681576062508	0.00033671825052245235	0.0003606026929485945	0.00046611618622472594	0.0009077827922816419	0.0026797919896399806	0.009083946149714384	0.0246626965596745	0.025732160132999376	0.023796936017830103	0.012855841085221876	0.012840060873141813	0.01300361867637721	0.01502710251867715	0.013416384545944383	0.014470201032305315	0.01180754646580905	0.008659094533240815	0.011825971162492562	0.02386371231421796	0.009037331010305606	0.010910335096636296
0.0006787285696808113	0.00068691121851839	0.000731637361098851	0.0009329937575173314	0.001763833300916507	0.004882648461580793	0.013984675524948932	0.02440473038297236	0.02110750522737574	0.020563011917003902	0.020758661581064503	0.015545238307383732	0.014047890150649747	0.018050025854483058	0.014086641612093546	0.021071479887190735	0.013503951394063412	0.016847831125553124	0.01523088380431687	0.017390544355447735	0.021321828146313747	0.016574897299608513
0.0009885629988870823	0.0009976304924319164	0.00103965394518372	0.001218704679138442	0.0019447812459633378	0.004654692443012712	0.012111848752188353	0.01757564655761981	0.01774206535956736	0.014952843834646137	0.01765800913697545	0.013224238818528862	0.014714524984603416	0.014600521916826328	0.013243397389571705	0.01291598662970846	0.016156502439099715	0.014704700802479473	0.014062037154917504	0.013302005516333761	0.013918937257947761	0.016815762261062288
0.0009976040444877948	0.0010069368278572452	0.0010436121987502656	0.001187426698318649	0.0017355435801882312	0.003596109499656926	0.007627877653964142	0.008274673114327093	0.00857652498014304	0.00921691496921592	0.0077845546827823376	0.00912797928666116	0.00790151432191855	0.00687041041457217	0.00795545023805611	0.007772334144077072	0.0070510465720272355	0.00726451172253958	0.0070538782173218085	0.007279359528489004	0.008671415622610545	0.008309754417833258
0.00043394885815073176	0.0004358232497219054	0.00044309229748183123	0.0004717146463111103	0.0005824470453529181	0.000953778782083708	0.0015541032835924894	0.0016867650613615799	0.0016250818459673838	0.0022540089839149058	0.0027290976462188057	0.0034906412871264967	0.0026308859527814778	0.0027278844974579514	0.002475439326243148	0.0024666253049235877	0.003095661253403945	0.0022927070450175038	0.002563118292552261	0.0024194334852353874	0.0023848327000011286	0.0028352517136389656
0.00019395981217163035	0.00019691283187006032	0.00020269113322601018	0.0002133092946691043	0.00022778885282500287	0.0002207015004041908	0.00019132127916007504	0.00016145763421505005	0.0003509552694603437	0.000399535692077511	0.000449663621017591	0.0004178601507507564	0.0006286490081578954	0.0006749904321951975	0.0006740138097148109	0.0006294041489580496	0.0007495340366588929	0.0005407302792617138	0.0005590568863594475	0.0006284500230491452	0.0006041839470284156	0.0007025394855153892
0.00013944211778500466	0.00013851583958029875	0.00013617796585062004	0.00012975420756520126	0.00011209006202776486	0.00007775428841593556	0.00006129545058161321	0.00007394735863831679	0.00010323080039131852	0.00013828950549058642	0.0002645616572141705	0.0003435825657974408	0.00033590451744731377	0.00035165781008449537	0.00040787377796117297	0.0005671339609123681	0.00037176791312692423	0.0004741259110403221	0.0003228955728880108	0.00038145159032849105	0.00034657312014672013	0.00033879448834649693
0.00003221814678094365	0.00003180339678786997	0.00003082008779073962	0.000028310745073779005	0.00002180941959452447	8.734283994771227e-6	6.5497490967568506e-6	0.00002889570262387238	0.00003335932094988639	0.00008962081597746553	0.00012183265974983453	0.00014128195228832132	0.00009635707438954358	0.00009880453174635783	0.00018373746190744822	0.0001012056848393577	0.00024087407073045616	0.00008109275241559488	0.00008929209937744286	0.00012816597618846694	0.00009552236485184772	0.00020200102285997283
0.000022722036576298485	0.000022920328350887587	0.000023213956211828193	0.000023369238134970543	0.000021937007170167363	0.000014176686680456845	4.472469230647792e-6	7.146247544206136e-6	7.9943860598472e-6	0.000028563214855350665	0.00003357075796296987	0.000018701251870857283	0.00002323519684561544	0.0000704994076248203	0.00003355237162164896	0.00003480613063484013	0.000044450590270626996	0.00002032314215491356	0.00003155411530519665	0.000031171568150641913	0.00004802053541596573	0.00005031550523023627
8.937243746261165e-6	8.885123918782398e-6	8.740788355051681e-6	8.29492633357741e-6	6.850822850344242e-6	3.0081694974921813e-6	4.6862597926293095e-7	1.6212640660923644e-6	2.439894375386407e-6	0.000020014584891523264	6.455062712052786e-6	0.000013449445371675066	9.40755228098031e-6	0.00001252461358283629	0.000011856594536526587	7.650546727278568e-6	0.000015268209676199485	0.000013841806188440894	3.2270276006438983e-6	8.501006442205761e-6	1.9745257303464495e-6	0.000010991803499449945
2.7619932074006665e-6	1.7538727900241292e-6	9.359629056937637e-7	3.936355333325731e-6	0.000027139715279281198	0.00013051631402485702	0.00046301271761973903	0.0010370758968919935	0.00263220914023811	0.005812176483320597	0.010115735868860979	0.007599048185964275	0.009644970719427139	0.01257397043241703	0.016404630278925136	0.0040581266299458026	0.004187983965438696	0.011471228721626517	0.0160391766349921	0.02068062677812721	0.01773433796612175	0.014065508579920852
8.946836681701095e-6	9.95146591777998e-6	0.000014665783973056045	0.000034685219568657504	0.00011512915466619442	0.0004206725641338789	0.0014760446988288415	0.004766604726301469	0.013909827227958551	0.010534317433769947	0.023485865389837903	0.013205835623950477	0.018106955336346812	0.014890468253084559	0.010661735373020325	0.016124804401095417	0.01892389536709397	0.01700597636306283	0.023944954260616626	0.014630517407301372	0.017058474503872312	0.01698159315236756
0.000010514189302515508	0.000013537830934757093	0.000028597887019179737	0.00009510545535521484	0.0003753321531618904	0.001520021818928928	0.005818165451755768	0.017164037028005136	0.026747340205948242	0.014612816071956795	0.020934774914797623	0.021265406417464973	0.02287170681020058	0.01499827311089413	0.020772734637424503	0.012819857975218302	0.015521024430625877	0.014566476414031493	0.01609617897592975	0.020579358281457162	0.022570228217832014	0.016322828095170508
0.000035609073915730664	0.00003849561739168449	0.00006326967448631751	0.00018894240693470676	0.0007417421971292178	0.0029653281533808945	0.010337274555638421	0.021723444276343932	0.0195896792517997	0.02924144367223439	0.019836772409635	0.018141985778771026	0.0212750469869133	0.018075243652045714	0.024889213599996855	0.018481248023233997	0.022122293249113613	0.025696641074180793	0.02731910126585011	0.01543898038316026	0.019416891645462175	0.027729247481707554
0.000028015603301547227	0.000031493929777224144	0.00005622486071684506	0.00017686795217582962	0.0006994758266899921	0.002778631402437874	0.009501758012802248	0.01892404267967247	0.019243699818844388	0.02625910931067288	0.01702027480126792	0.01341926365654396	0.012397886381804136	0.015517517835966159	0.009934557126525924	0.01078311240747351	0.011542769654898548	0.01381355442571531	0.018075535261838006	0.012900101166916955	0.012639472133337286	0.016603726632411945
0.00008171232491667646	0.00008411824043018952	0.00012088015675738642	0.00032017372840631924	0.0011933889666877963	0.004456987240412264	0.01316434978948092	0.021818721082759777	0.0230279843453944	0.02368702347122935	0.018974263701774276	0.016557108289074036	0.016223412929273266	0.016122136933232414	0.018021464243468868	0.017415910071780425	0.015733879307049337	0.018353933637058357	0.019710917842831487	0.018582570104388012	0.018344163790111407	0.01960728975804042
0.0000949324235818133	0.0000994770597477127	0.00014130505005595826	0.0003544647410656963	0.001268252457475719	0.0045434140499275	0.011271404149602551	0.012571334085370206	0.016066367435273097	0.016284720121508785	0.016318619268414512	0.01590017056611117	0.016996243766771602	0.015826992886735468	0.015997337920583058	0.016437425385229708	0.017759627282128505	0.014476719774760343	0.016562883844656415	0.01327060449088153	0.018534946968019005	0.018487045132027754
0.00008304550748840409	0.00008808375150647404	0.00011524656922446967	0.00023742132207075744	0.000735728404682626	0.0024319111339295043	0.005509590726023802	0.007122888338047845	0.007443234901463464	0.008639790843876035	0.009263788703463288	0.00929498657056797	0.009926682922220166	0.011288815276192276	0.010528221873098627	0.009361144229551067	0.01002475985067502	0.011245379750268847	0.009904772395684394	0.011046608368560766	0.008995518136574152	0.010473813289891873
0.000045739532630287115	0.00004795840967242104	0.000055664788120188585	0.00008370929287670811	0.00018374301151186939	0.0004763351887951213	0.0008732786228014461	0.0013374215081373294	0.0018029496556455909	0.002657887574579664	0.00293391204570596	0.004086751065359041	0.0038718283305820217	0.0035995352878264064	0.004183952379749694	0.0037710981790291024	0.004083377597502644	0.003674157787717187	0.003551980665667383	0.003769931986696893	0.003091228927943581	0.003945517733992816
0.000013694081513085737	0.00001343244584673625	0.000013565551448087177	0.000016390403365923905	0.000030981390911040687	0.0000783519851892641	0.00013530677333670996	0.00022717277771621954	0.00033255992792433585	0.0004875782213304876	0.0007529900841865597	0.0009637775938904026	0.000878903696733543	0.0009217333209193166	0.0007378105300150013	0.0010019583936201194	0.0007498864253181036	0.0010000189168419954	0.0010118521864170235	0.0009295134915800751	0.0010982102744481316	0.0007917763486451382
0.000010105214193875087	0.00001032142867279882	0.000011127343804638047	0.000014157527411617221	0.0000246625029038578	0.00004814136799905524	0.000047426043312092224	0.00006342102365876703	0.00011348115785574796	0.0002481384011978996	0.0003493345358708135	0.00048656431537365903	0.0004231883817998704	0.000591824993529249	0.0005764731897394602	0.0004785392338836327	0.00039747612589919077	0.0006614716099571298	0.0004743094473335626	0.0004447336701952495	0.000502623001678236	0.0005385308180846135
5.464391608015545e-6	5.327555356576475e-6	5.154919215632832e-6	5.221516019457139e-6	6.785341360691748e-6	0.000011151440725940232	8.051776467241447e-6	0.00001696478311617731	0.00004107215568841453	0.00006241117646585149	0.00009539019168451356	0.00011214784977554927	0.00013365233011666225	0.00011549140822479214	0.00014383173645698735	0.0001162114752181254	0.00013833114295892172	0.00015564110329607025	0.00014649871743502676	0.00011662349340799904	0.00014600674446128422	0.00012870986827448363
1.3349794672273215e-6	1.3325815171853074e-6	1.3238830842098547e-6	1.291481514471492e-6	1.1801315497713037e-6	9.606267807798305e-7	1.3849581663586517e-6	5.1526684043573945e-6	0.000016904107704977084	0.000025298694763639032	0.00003703666075383585	0.00004584726576495263	0.000044469728580471085	0.000020439187749472502	0.000031777130817612545	0.000027015485022626952	0.00004560089362603875	0.00003182156650229191	0.000029480913497608563	0.00002635825040822023	0.000024497104016828682	0.000038259046527446576
3.7806562255226754e-7	3.792197921477029e-7	3.7994787241505384e-7	3.7504361702783593e-7	3.4080037870454954e-7	2.0375337357523745e-7	7.377552688621336e-8	8.74229893598188e-7	3.059819196895626e-6	4.537404326685125e-6	7.1713438573121575e-6	7.682357048007398e-6	0.000013213028215054535	9.013334367176847e-6	0.000010236053585237986	7.5918794683020085e-6	5.067843622244628e-6	9.864197323032482e-6	0.000011967276110015898	7.721623674657321e-6	8.819341840850302e-6	8.943649275483627e-6
6.028641660010338e-7	4.808504483460165e-7	1.8811050257487233e-6	0.000011254492639509486	0.000056086082477932346	0.0002457800112784986	0.0009575121922239916	0.0031132195094839	0.008373361839347723	0.009704577968378997	0.009561774458899058	0.009542296569025397	0.007209490171423872	0.010813714814632802	0.01251035027486854	0.012552157484684336	0.008905941280340255	0.007847063780030753	0.0033147218654283324	0.0049010762428061865	0.011162958247520543	0.013244291984177039
7.400179107532809e-7	2.3493719795173355e-6	0.000014254394904915895	0.00007338106552466369	0.000336309011027847	0.001448089140535884	0.005740509493054356	0.016795190929300347	0.019742735439115165	0.015322996665685668	0.012646970240334668	0.015307024588331285	0.010611959496154684	0.01776178876231607	0.015878713727978718	0.007666635178499168	0.014401612607679807	0.010972572914909395	0.01565917587372679	0.011793377505707994	0.01546655418444769	0.005563775373956325
9.729391185288745e-7	2.8337254744191936e-6	0.00001749717398437382	0.00009064569156971752	0.00041147379795068766	0.0017283938627230288	0.00668058248846802	0.020906555459045344	0.02821273763818699	0.011946595540317441	0.009560894043108784	0.009575201838942395	0.01210032925465783	0.015096134952940769	0.015472376296147592	0.014805510238031998	0.01627797855388789	0.009953185870046719	0.009680142191662477	0.01093913788661222	0.011577210955803854	0.0167641734591453
1.844290950763541e-6	5.351078862848743e-6	0.000035525515815510506	0.00018727207199026913	0.0008390924726427584	0.003297439414454697	0.010109616041591338	0.017442428447907055	0.019216717521495674	0.01598744320049604	0.017317346761851468	0.014382129590038728	0.015907721446778163	0.014915799652601078	0.015730814311805646	0.016484236333553462	0.014580931190827866	0.01322688467524515	0.017015008254169225	0.013778024111002417	0.0175627873504119	0.011887977350907603
1.8016668648895687e-6	3.834249845452835e-6	0.000021939440400665715	0.00011334943823763084	0.0005051655007698551	0.0019777021616676272	0.0060828578945701026	0.010044757378553527	0.01043680481006518	0.01137080529035914	0.009261606547468838	0.01050867391404525	0.008568485002451252	0.010861147014246168	0.010259710966781885	0.008972715115670278	0.00850457831367884	0.010691628742664496	0.00811755984543526	0.01111929878942388	0.010282091967659508	0.00916951697881298
4.362237165669283e-6	9.77779078910268e-6	0.000049426808421921485	0.00024063051056747413	0.001030012866167841	0.003757591161263061	0.009790610463373177	0.015126671863062411	0.01411076322311484	0.013756046175161072	0.012731506886256077	0.01342524669936569	0.01127790484220308	0.01221442698825135	0.012964551522422445	0.013159239754595	0.012284178732299249	0.010798834536172029	0.013239852520604585	0.010556716718168414	0.01253652145888015	0.012412927681814807
5.182850967144219e-6	9.286491068508823e-6	0.00004191411491625184	0.00020308310985201668	0.0008776693860347473	0.0031712800210666157	0.007212004422300205	0.007930532857758953	0.009202813106422526	0.011405281541328293	0.011243153134368753	0.011455781647969267	0.011793767692947061	0.012389866881474485	0.013378920284355264	0.013259521531507439	0.012541672000475144	0.011938731512502273	0.013228636579540376	0.011505128340090908	0.012383853785345358	0.01181759652543188
5.460846926839319e-6	7.148944422416579e-6	0.000019694189336666386	0.00008028960100570265	0.00032656757530835856	0.0011090872402296367	0.002453417310220828	0.0034490886488373557	0.004755351438489864	0.00618055702453899	0.007643597120557225	0.009178645428562195	0.00816974599751245	0.00782853112131673	0.0075971633316856135	0.00856365612984297	0.008270149829709214	0.00789243380901813	0.008679398578653763	0.008720599902627132	0.009155292137209755	0.008364365309497239
2.7448738474642756e-6	3.0567481268135893e-6	5.59397561427471e-6	0.000017988821913828695	0.00006806412208504665	0.0002243792329009271	0.0004397247608411741	0.0008032335952600242	0.0010818091919911072	0.0018791588721429754	0.0025121537628133533	0.0031492546680664773	0.003430428175702953	0.0029685673729650044	0.002873732820858619	0.003486518078928729	0.0032330523628116736	0.003365717081865121	0.0034736773074782986	0.003179553020872103	0.0036850469358501096	0.002878118581418642
9.65071993897756e-7	9.554418671696816e-7	1.3158312837032134e-6	3.523910415161596e-6	0.000013127016511528132	0.000041895031263081247	0.00007122035606659678	0.000102657095557721	0.0001678562213447865	0.00032763394761979234	0.0004712655504466682	0.0005883490929011007	0.0005171074044485813	0.0006881056283781666	0.0006381816219627	0.0007573267319604499	0.0006990959118972161	0.0006197816566906424	0.0006491490114377233	0.0008331871395957374	0.000638567595489727	0.0005678259330040626
5.923314329615405e-7	6.444163868169791e-7	9.25790061851808e-7	2.160417006445872e-6	6.760478850980661e-6	0.000018060064540982676	0.000029890376018979286	0.00003928623486734548	0.00010853270447610745	0.00013963845023995982	0.00026011235244853017	0.0002445126914360612	0.00040524516903595465	0.0004085363972723625	0.0003315793343173329	0.00031713408521670956	0.00034750174716852345	0.00029814966067513834	0.0003700571818714326	0.00029714030938743206	0.0002559547810085324	0.00044976492829791663
2.2001817020102113e-7	2.1871314913130537e-7	2.1893873586206041e-7	2.3504188981290222e-7	3.6595608950933894e-7	1.1877589345301444e-6	4.08021435484084e-6	9.715425919555485e-6	0.000025559649112151274	0.000036601930474274863	0.00007050281754177879	0.00004480023105677324	0.00007028851704762442	0.00006854118348713199	0.00007426004665137829	0.000049459158849390613	0.000060634372614824225	0.000058719106650155224	0.00008129389629990246	0.0000705583336448452	0.0000803568359438572	0.00006993167308881509
1.533973614212414e-7	1.5372725646560074e-7	1.5380255843865086e-7	1.5165385323894454e-7	1.395225693734899e-7	1.0748571889848073e-7	2.4673678135073466e-7	1.856024623646451e-6	8.586743681456593e-6	0.00001055590566732722	0.000014077952331759595	0.000024003140963244675	0.00001609028358154631	0.000014569883042305556	0.000015069722249646304	0.000020788310629374495	0.000012115945100068313	0.000026037176361721086	0.000023502693975873518	0.000017122535046024463	0.000027550631201434113	0.000017897112267907686
1.4161308626520372e-7	1.4157052940947696e-7	1.4108093881795225e-7	1.3853103237840244e-7	1.2779325789412855e-7	9.190549802641874e-8	3.1120919044805974e-8	8.756511059048908e-8	4.5330459501378166e-7	3.0029727130442286e-6	6.408275278217353e-6	4.110641670769004e-6	5.180600687385505e-6	8.461000787607746e-6	4.8879810972938704e-6	9.09093015189479e-6	4.066031499597804e-6	2.9202184944768583e-6	5.674618749601183e-6	6.432145297131283e-6	9.288511094405526e-6	4.2867018145922785e-6
2.04315441929829e-8	1.2419816446245536e-6	0.00001150850060014331	0.00006354056463268676	0.00029464435949285404	0.001262690618680664	0.0050135804583634515	0.015856411469883102	0.028498820170790463	0.024487269504175173	0.017505477753574437	0.013846581955430806	0.014637010229664255	0.01199089091571792	0.013841791226134856	0.02139583805264792	0.019610636333505856	0.0276484632722622	0.02652405287907238	0.01744870038705722	0.012543667234957617	0.02612039932286445
4.337691433195149e-8	3.1053267296144902e-6	0.000027318401092070362	0.0001482483518811085	0.0006788340288945084	0.0028472930685204175	0.010758224833735053	0.030781679017068075	0.03835408743275979	0.02129195625662608	0.02093364341748949	0.01745640355132984	0.025993450686533977	0.019745339255250748	0.0325541988773973	0.018918084780237807	0.02565590720636582	0.021171440162431353	0.017860287384164113	0.026988041822741823	0.024097213011491803	0.022731039890868006
5.4353358047174877e-8	3.662196546778007e-6	0.00003228254900799195	0.0001742167803674114	0.0007850237784299823	0.0031575371054290624	0.010641224964694024	0.023327399123976193	0.023935417922427163	0.0164581660869827	0.019150663839665072	0.015489083127398343	0.018035096456023386	0.021952062152925077	0.013925887570432113	0.019930069283026715	0.018911281355306515	0.01395609978751789	0.021395814499984407	0.015317113873712276	0.014415027994812436	0.011199326632174877
9.031559777145849e-8	6.029767781060307e-6	0.00005417988205222516	0.0002959513397483551	0.0013502118425155754	0.005431653622328371	0.01654914047785343	0.02140277747274279	0.02296304481329066	0.024363275195630973	0.018977820930687648	0.019701442126525272	0.01740651248196424	0.020082779074961435	0.014562657793578558	0.018120939948050203	0.016789889741791915	0.014928182207513109	0.016631336559399384	0.017412625635052838	0.020659292180244523	0.01819111476657158
9.856212424023856e-8	4.862952302605565e-6	0.00004294113770237377	0.00023346299407908558	0.0010576414814044367	0.0041331018598432636	0.011273435087522423	0.013099761394867938	0.013198841871328838	0.012761607305592936	0.013337250857815234	0.012596800253808226	0.015021835423942215	0.011892587635786735	0.01159751954973818	0.010958794210215082	0.011450454488552605	0.013401274897247033	0.011104595411763112	0.01137390573586041	0.013104176387592056	0.013183378608595643
2.199184211138914e-7	5.734128841467693e-6	0.00004898927944565395	0.0002612005650334542	0.0011421005730940163	0.0041159245389164505	0.009634466522949464	0.012630612956283135	0.013702810728153601	0.017475647816517614	0.017824434640281755	0.020088343560392387	0.022476756782731543	0.019401421171651292	0.019816118443644417	0.020325327769782804	0.02228418826944361	0.01897538125723696	0.01794003698397905	0.021039027851791122	0.018839399545495076	0.02017211019129547
3.011049240927226e-7	3.9996715731504925e-6	0.000033484537671521834	0.00017842386439825822	0.0007727398510480238	0.0026396993189892895	0.005220593789182545	0.007747720657263543	0.010933945866079587	0.014098984088199847	0.01679779803431393	0.02164371044633008	0.02077944363689898	0.020194723044701317	0.020859785105504635	0.020126688660189115	0.020293943634543368	0.02054536770501757	0.019855414990162988	0.019872507934670044	0.019683939745794413	0.021828559767740046
2.9167358030875387e-7	2.1147355293489715e-6	0.00001687472669196429	0.00008904760969756692	0.0003769698149659567	0.0011966751905194823	0.002075052123125449	0.00336732421631948	0.004881058477015837	0.007300921885755487	0.011376057700570326	0.014561448439583935	0.014824655174026166	0.01346560711482908	0.015096953449490103	0.013502974455086657	0.014189397846756747	0.01434202803349648	0.015443227474601555	0.014147724801666912	0.015151494094919352	0.014169359305611194
1.425495239444119e-7	7.086234319302453e-7	5.210978791788704e-6	0.00002726984816504686	0.00011553262835063794	0.00035811522143290966	0.0005203185390878503	0.0008258359247765955	0.0015372534709354288	0.0027255258083606912	0.004051743746123293	0.00492710200128945	0.004549790488764146	0.0052660583055239045	0.004900150090537559	0.005526963051725983	0.004987168219499466	0.005180294773271066	0.00475646390673123	0.004486539998340931	0.005658429102845279	0.004787800703148201
4.433742505665233e-8	9.267024364083318e-8	5.398997202721839e-7	2.7962159668126905e-6	0.00001217840725891167	0.00004324255326208918	0.000091293974151938	0.00013358194511709856	0.0002493416103587133	0.000407492518917753	0.0006971489795749818	0.0008918106472314319	0.0008539660336222311	0.0007857405504893045	0.0009347090416631622	0.0009159208208633328	0.0008110939428723614	0.0009570790156197349	0.0009152227742053216	0.0008487301123930658	0.000892127974746945	0.0009139020092608244
2.975560698191838e-8	3.330098525529834e-8	6.10539918301608e-8	2.048173763154296e-7	9.75281896393836e-7	6.170270662007789e-6	0.000028578875559045682	0.000047626300796057564	0.00010855623564771005	0.00020425870963959366	0.000401273649992198	0.00038191350304595754	0.0004026963163228245	0.000355735936999616	0.0003687823950133816	0.00044736434600196	0.0003766144824848543	0.00036966021969428686	0.0003409577268190989	0.00039683149953858275	0.00037571082622627475	0.000331200573389979
1.4592257692492188e-8	1.4327476681226889e-8	1.4134565273424678e-8	1.512798097562443e-8	2.358482734677258e-8	9.187769846016751e-8	8.833464197172411e-7	5.009595682887386e-6	0.000020531371588193453	0.00004006872168762006	0.00007073542451126337	0.00008251079746942644	0.00009285657225918692	0.00007923528539038186	0.00009424357779541192	0.00006608114031584311	0.0000970306450615644	0.0000862921986036621	0.0000730346912101729	0.00007892128199498612	0.00007661278141944749	0.00009058453176429052
8.056156139887279e-9	8.065510506879845e-9	8.0757331306753e-9	8.062282547035416e-9	7.91705785378899e-9	7.792885038313038e-9	2.6269146996466317e-8	3.467944851734606e-7	3.824153484935913e-6	0.000011209153744918762	0.0000229591538042715	0.000027913137769869137	0.000028078670661024364	0.0000272390628881748	0.000022072001062953312	0.000020650143208680205	0.000018673668980211243	0.000022697767258874256	0.000023560942198330188	0.000017276403008777133	0.000022574344398395332	0.000023348412301200123
3.2813340361681417e-9	3.2803515080522577e-9	3.2729892316359635e-9	3.236988976563629e-9	3.084536030709115e-9	2.520583197130383e-9	1.1666162894808609e-9	1.0731139579426878e-8	5.868901223040684e-7	3.9713360908012794e-6	6.903680733983488e-6	8.375535053691359e-6	4.706175588487711e-6	8.718969012561523e-6	6.503423713992118e-6	6.4183633573367695e-6	7.976894524255759e-6	6.52777100243369e-6	6.286406156179574e-6	8.419494676045349e-6	5.892491078033486e-6	5.374841030518052e-6
8.931053347577358e-10	1.7682015073403604e-6	0.000016024644171903798	0.00008758133511291095	0.0004025074300788649	0.0016884542364429822	0.006177262399217025	0.01421966025018519	0.01960913982507578	0.018793169618358793	0.017934289332168892	0.016150267948372148	0.016976877724613787	0.018292394746766673	0.015434976669488816	0.018638453683872565	0.01544534687228567	0.013557220357215075	0.01676816642099484	0.01954905829015127	0.01943175790627402	0.015193867212639777
1.4839722363588823e-9	4.270933842621956e-6	0.00003843578680406743	0.00020893083150153784	0.0009483227702544654	0.003824590653996476	0.012362662590610838	0.022149829093255323	0.026984534687545508	0.024813476172513557	0.02257862958154769	0.019061402115141148	0.018022857984056808	0.0198045728551636	0.01967236573901803	0.01478863779474486	0.018019531160341204	0.018636870866762887	0.0223574136495913	0.01682513708161206	0.02171283384944852	0.01512117595959243
2.0951170177475736e-9	4.761753461923288e-6	0.00004291553036291734	0.0002336246849264329	0.0010583120241720657	0.0041751535811654	0.012261560756794528	0.01860772749604876	0.01794087388625241	0.01703380907651109	0.016151462890953133	0.013210868012488976	0.012680785873177048	0.012979313919837756	0.01334978745367686	0.013036542336875541	0.01248113916364477	0.013444171004648113	0.016281119692781697	0.014362622218581249	0.01378566033717556	0.01642203923783678
2.961143508536866e-9	6.1680177071761575e-6	0.00005529396223225313	0.0002985871796372598	0.0013274075839801148	0.00498877884125219	0.013035542426050912	0.016447602011988874	0.0145011872634181	0.017026273076568735	0.01652412954196088	0.015580320478846296	0.017762284016618245	0.014450193969592004	0.01713915400050759	0.015354946083646783	0.017722144654876728	0.017940788015461555	0.015598543906955307	0.01476283482114269	0.014658018706603049	0.0173599817235995
3.451842977491267e-9	3.466615535877161e-6	0.00003115135088194373	0.00016826638939606336	0.0007461941504320327	0.002769510010488827	0.006920950604232376	0.00912166030123047	0.009807283029691761	0.011001802520222433	0.012033600260014274	0.01263997960421811	0.0117260502011149	0.013761002303013817	0.013414635289930386	0.011653588936738669	0.011600672898749248	0.012025433471472583	0.011540653003348958	0.014033393735503611	0.012129575532310793	0.013728017090653069
8.793689831655204e-9	3.425576390090542e-6	0.00003077934785573638	0.00016582850712398563	0.0007244002485001037	0.0025295863862012102	0.00556939710430706	0.007948066018681981	0.010359841579832121	0.012735485918179652	0.01770752801840032	0.02112400505409271	0.02273763207680154	0.020307650613000973	0.01960986230360007	0.021205901602321966	0.020411422219564282	0.022411828462562344	0.0210930086897402	0.02299308172061135	0.020462943069983648	0.021891868954112905
1.2421357715939346e-8	3.0065890123199228e-6	0.0000267907699624666	0.00014289588660025307	0.0006045309959555676	0.0018753759155312123	0.003009029493529608	0.004454641081266952	0.007577337011311394	0.012408298079387446	0.018994468520317713	0.02353544403486376	0.021704783888966753	0.023372755452378147	0.02273745040177617	0.022454502514708395	0.022356190056060356	0.021951414080314806	0.02264407143044102	0.021714693596569443	0.02229606471824911	0.02118513855212597
1.2373218265812514e-8	1.6023743321068235e-6	0.000014224649801952471	0.00007602662837204197	0.0003225386257946309	0.0009943827875557077	0.0015239998472712356	0.002037662975300515	0.003872302476569909	0.006844375746988498	0.010420294052951555	0.013587880517206944	0.01429766512221162	0.01512254997569007	0.014352565989414836	0.014547698308831219	0.014311683049958406	0.015400004134681386	0.013957323270843805	0.01375393621414969	0.014442038935423347	0.013682946469193566
6.199852320737077e-9	2.900016712592495e-7	2.57728105805269e-6	0.000013792276808366358	0.0000587058200252219	0.00018735325078598553	0.0003596273715734822	0.0005636641129771572	0.0011102210892232347	0.0022757471198454485	0.0034873318178526634	0.004389317986437952	0.003986387827014654	0.0036909923110116857	0.004027379238957218	0.004243303007727014	0.004252711638810889	0.004171449539631396	0.003924961858859199	0.003932690361674715	0.004174059189079088	0.003975134778235016
1.96283383112958e-9	4.675310899892321e-9	2.3807960761741598e-8	1.1766110009876394e-7	5.656609371247574e-7	3.223572647403091e-6	0.000021487070682923476	0.00007772657492059233	0.00018623788225468962	0.0003306970570468292	0.0005200697777144245	0.0006459773090326418	0.000646891271582862	0.0005989686767180829	0.0005872412569365656	0.0006037173016125633	0.0005862589595334261	0.0006255835847114408	0.0006155223429309665	0.0006284579329769137	0.0006052793112951921	0.0006130861659754644
1.3911503137500546e-9	1.563984093517539e-9	2.997793810300332e-9	1.0180267451058453e-8	4.2842344577180993e-8	2.446743851147762e-7	2.8174380112911026e-6	0.00002218440422108426	0.00005512200537487452	0.00016730822958397547	0.00023415291953254866	0.0002804232394729062	0.00028935821538311003	0.0002818004720025923	0.00023903229323754058	0.00028883832414262455	0.00024965335808939886	0.00023328512417443686	0.0002595509845563946	0.0002485012137030222	0.000271055007122125	0.00026523860461776037
7.949605061492004e-10	7.865956387675254e-10	8.101135919594446e-10	1.0222909646542427e-9	2.135296968510929e-9	7.360729009075247e-9	5.037348601956288e-8	9.263689637362937e-7	0.000011934865113016547	0.00003438693711247226	0.00004149729264111332	0.000057981499813113124	0.00005889370999000044	0.00005978719067126724	0.000056857448701062594	0.00006651046104692874	0.00005846410226551024	0.00006119763160680531	0.00005419125113489648	0.000054572958523864595	0.00005324867637157271	0.00006318437772671678
3.501979724875594e-10	3.510079112042075e-10	3.530482928003137e-10	3.586003423526945e-10	3.745405025846533e-10	4.349959397878677e-10	1.1100329639072508e-9	2.2873684625703157e-8	9.037145738566241e-7	6.628187723931359e-6	0.000014297873361801538	0.0000180111336054458	0.00001805897369231318	0.00001817060054574496	0.00001669471879742985	0.000019935749509832685	0.000018931842216383872	0.000020262516251488146	0.000016142368795482125	0.000019554902392799905	0.000020328247218002765	0.000014159608179689936
1.6304845192587276e-10	1.630596584570774e-10	1.6292344477359134e-10	1.6199697795067916e-10	1.574505761837197e-10	1.3839432625206375e-10	8.555357429765738e-11	3.7404934500460796e-10	6.343958887701469e-8	9.071293785671828e-7	2.243460276023187e-6	3.4049765415248004e-6	3.614616717375956e-6	4.936174377547999e-6	3.911741659319844e-6	3.5244682690985966e-6	2.9637097832199542e-6	4.490713867393079e-6	5.018499546237548e-6	3.991091893637647e-6	3.936626551736643e-6	5.117781421384516e-6
4.403870355175653e-11	2.3306863750989925e-6	0.00002090841830885667	0.00011303814120653939	0.0005073543671284242	0.001996154889695102	0.00608022089409353	0.009224328162394628	0.010604016662986665	0.010305029370611294	0.0066462644148349015	0.011129886706575474	0.008843061089076013	0.009546375886192488	0.008996780172964496	0.009737170547477518	0.0088993937440998	0.00753660438116537	0.007935968699782444	0.010820473359218192	0.007486727332939298	0.008499417965029702
6.461134757119477e-11	3.8012717782418786e-6	0.00003414911562823541	0.00018457437429199154	0.0008236726215400602	0.0031422135909642854	0.00834984571398846	0.00829806474862043	0.011110162812765209	0.01296649378117318	0.011824640037312956	0.011218529654771957	0.010165124651268363	0.011997262144677988	0.008592406273063789	0.008621823316315065	0.011422482377068038	0.012960920139594455	0.010458444286740231	0.011896348079923158	0.010719518235063898	0.010385326463622384
8.397383502680897e-11	2.6998074527223708e-6	0.00002421371770473238	0.00013054938946428476	0.0005776089748892173	0.0021352120730280563	0.005161615926692988	0.005766716983393722	0.009151155327762325	0.010419987716931261	0.007418214483752742	0.008662126716957605	0.008492563030082157	0.008048662370490442	0.008347304135797295	0.007448495967899375	0.00818220754362264	0.008331396406014458	0.008974401356460973	0.00765138330573324	0.007459258650214433	0.00794142849985191
1.5335490740408315e-10	3.043003921855717e-6	0.00002722468269486892	0.00014574177114296864	0.0006341143244147905	0.002256783466581264	0.005234521053388812	0.006857980244974474	0.006759236651476753	0.008572328587596809	0.011079055846631554	0.011197484851820351	0.010007803368057932	0.009430729121818136	0.010024706109109556	0.009103855893609273	0.011147124613241858	0.009114362197960087	0.00928442395859882	0.009073577659165378	0.011244372236294537	0.01104400187706226
1.3792566238237114e-10	1.3405285023086516e-6	0.00001206976273763008	0.00006539545909815322	0.0002901512651529883	0.0010507119645298635	0.002386679087483976	0.003405691792866049	0.0045675459380477	0.005111085649216606	0.007397536862188205	0.008218196588209374	0.007891544297303295	0.008180204343656156	0.00743982964299087	0.008554633720889916	0.008720583836489479	0.008212201131722892	0.009367166947695153	0.008502396805979471	0.007829634225083423	0.008258365356451825
3.686944933278926e-10	1.8733267708948715e-6	0.0000167684973457873	0.00008950478931026393	0.00038053629686167343	0.001218091826187489	0.00215501920871323	0.003202861797834823	0.004497829918154794	0.007736187490353829	0.01111928787974457	0.013473699775669243	0.014023138004319608	0.014814683391273327	0.01359260940173067	0.01376249877977515	0.013733150716770526	0.0143136626629246	0.01394470941852406	0.014644231405791292	0.013635734865219408	0.013753239242900072
5.190647532690947e-10	1.6375386078689175e-6	0.000014701226906224516	0.00007870388302760237	0.000333943165243878	0.0010279633202372005	0.0015052640002697017	0.0020757256405224767	0.004194848074169244	0.007433616278690432	0.011427706559691152	0.013997822964277165	0.01339613012410046	0.014041797816162082	0.014181488530242146	0.01471754600015706	0.01508728485094826	0.014641052889560632	0.014064601275352792	0.01402186473483919	0.014288717427441776	0.013472737894397362
4.868863160038441e-10	7.462033440441806e-7	6.678730416382032e-6	0.00003561843108343915	0.00014994331122223384	0.00045445938259685724	0.0006984611783250552	0.0010837623364817156	0.002051733833001499	0.004326702058835584	0.006364845038740761	0.007540544657929649	0.007959381758512513	0.007900963192761854	0.008367990272758396	0.007737352608631932	0.00766490103617983	0.008115795975208694	0.00764108717985734	0.007822533146956903	0.008506449833531656	0.007740883310983166
2.545261919442816e-10	1.3547708048261722e-8	1.2108237488925683e-7	6.868625129816867e-7	3.5862860771272253e-6	0.000020090427840864955	0.00009270761113114659	0.0002723025416976543	0.0005232264825833882	0.0010885213706796153	0.0018363351240258357	0.0019509676392604628	0.00201244373843946	0.0019370341545955775	0.0018797105577627845	0.00195672483139249	0.0020772303340514417	0.0019373514680014379	0.001955038179754495	0.001887644603242487	0.002134543279033231	0.0019490248519978377
7.933181053828386e-11	2.3442088436034316e-10	1.4880992633565803e-9	8.055617475544741e-9	4.142746611027741e-8	2.5759677435781586e-7	2.4417772045628284e-6	0.000019886917391839644	0.00007612233265190052	0.00015178449962380034	0.00022307684488183903	0.0002991821170012237	0.00027188393866057445	0.0002691757235804416	0.00029345936463079554	0.00031799136256937654	0.00028726362692172884	0.00026517833227889545	0.0002726229947825149	0.00023288024706443478	0.0002555788767819734	0.0002984762924050969
6.590964277611784e-11	8.003151144484524e-11	1.9512330539327026e-10	7.691206860205617e-10	3.305039813817055e-9	1.5649366939103504e-8	1.5908065126638066e-7	3.6825760138720368e-6	0.00002258247263224991	0.0000683907692467269	0.00010808781761032541	0.00012249206952974912	0.00013054262705152598	0.00015233982472633614	0.00013915550680462116	0.00013994158501614263	0.00012701980851275227	0.00012059322105711253	0.00011903191697655384	0.00012909352516014244	0.0001418762568385779	0.00013329650605415917
2.00989263467581e-11	2.0517847152978907e-11	2.5556419209497753e-11	5.321404604315952e-11	1.8336903859199565e-10	7.326578295847636e-10	2.6264988715372073e-9	1.1143944826253009e-7	2.9841050121636543e-6	0.000014866093188903894	0.00002696556765867336	0.000032889237156068346	0.00003127859251857441	0.00003415713261273047	0.000028182467848269317	0.00003632720628935089	0.00002944885406782881	0.00003087544223327232	0.00003357616650553297	0.00003111128070664554	0.000022480178532866955	0.00002734675737202396
1.8172615624183e-11	1.8183766431020192e-11	1.8265083297120562e-11	1.8665701232289698e-11	2.0485137771413717e-11	2.9483097598973975e-11	8.923403502779045e-11	1.1669078509607138e-9	7.365121764963292e-8	1.8086650113014459e-6	3.898983175736668e-6	6.987422428584077e-6	0.000010157838069270112	6.795865283817433e-6	8.132742086948273e-6	0.00001046865865716816	7.854453242619817e-6	8.248047239975572e-6	8.259384556591528e-6	8.507055749528432e-6	7.753622080640508e-6	7.136352445138604e-6
8.365358352935181e-12	8.352344667836362e-12	8.321038345337219e-12	8.237837960131343e-12	7.99577888222557e-12	7.295514459923583e-12	6.0745413478950265e-12	2.2257805891817338e-11	4.604260087275707e-9	1.0115400288282887e-7	3.144309625338944e-7	1.1811779840865526e-6	5.458977809628896e-7	8.209559925168136e-7	1.554780900674858e-6	8.189494154093963e-7	1.210052531175094e-6	8.596055904450441e-7	9.161630274734415e-7	1.1770215837648148e-6	1.031919894943239e-6	1.130503252762949e-6
7.300270511255696e-13	9.945004084577584e-7	8.975753516865252e-6	0.00004893329618685685	0.0002214027292299132	0.0008581113754290526	0.0023186959916256106	0.0032959469144653035	0.003451968729945	0.0036147679663900627	0.003352801156325924	0.0038976889515098022	0.0026635413423854865	0.002354103804905733	0.0033746341231002783	0.0018144379088905062	0.0029012324343519174	0.0031696728997268756	0.002209983030566535	0.0019511729473399215	0.0026660022927640355	0.0028227468486303068
8.00612383208217e-13	1.3204985240451507e-6	0.000011848399236610943	0.0000638445171646671	0.0002822910924435289	0.0010517332346093168	0.0028025839994402016	0.00397252961638185	0.0031755855568368838	0.003280123469227866	0.002829483083672757	0.0030233456924514614	0.0039054084897006355	0.0034859645369718023	0.0027611024879819414	0.003603649911674922	0.0035960223827239696	0.003824355665318255	0.0037449679005276916	0.0041734011055472725	0.0024614526655713995	0.00311814224542114
1.252414701469985e-12	6.663244390476472e-7	6.026316955572477e-6	0.00003297578182459836	0.00014995395246027106	0.0005744119732448152	0.0013043838817118419	0.0018812931558998764	0.0026429681970213683	0.0016255757609280378	0.002633647374478063	0.0029451325495713603	0.0033547444001580714	0.002467766959312017	0.0033636377297098187	0.0027201411296590965	0.0027558428796029795	0.0025109645864428622	0.0032511344256445965	0.002201920404040551	0.002986888596659043	0.0032505549276825012
2.0283042987447294e-12	5.733656022934636e-7	5.156241367347053e-6	0.000027869132445660803	0.0001231924705098831	0.0004463275398645848	0.0010144468515418353	0.0012585244896539728	0.0016580227817711648	0.0025457529457854544	0.0031988820173475974	0.003467161682269987	0.003293519959213381	0.003911476088793457	0.003657526953472857	0.003901832401034188	0.003860397346853719	0.0044382363439875614	0.00402338783500913	0.0038551505028572115	0.003411105424367008	0.003164566355641141
2.039079311585275e-12	4.2225460137678633e-7	3.8035809974205204e-6	0.00002058251189508113	0.00009037068194123958	0.0003107850707325647	0.0005733132865967836	0.0007036486593971245	0.0010604636587069872	0.0015945879462791826	0.002607239918460546	0.0030795881382748988	0.003449302636934398	0.003581344803058153	0.002992784067226844	0.0031349254141443835	0.0030871912236901623	0.003094631395407155	0.0035007316218827345	0.003091350676419657	0.0034226523617114524	0.0028570541897589485
5.063453998894053e-12	5.286218581354105e-7	4.740221463732999e-6	0.00002532952673967003	0.0001073309617898496	0.0003340168483018576	0.000548596834184412	0.0007646051025036254	0.0013293502022078641	0.002639642080275978	0.00396998786077389	0.0053649082760006545	0.00481755360523646	0.005238925386986584	0.0053516446316384525	0.005283229008604232	0.005159601381186382	0.005281126397478985	0.005055305824602468	0.004921557846774483	0.004741534928286254	0.004865277306422354
7.231876323141161e-12	2.5734961093186496e-7	2.31116079405796e-6	0.000012434842565031737	0.00005408681773691791	0.00018539497777585612	0.0003775317742754784	0.0005592783064669713	0.0011246393495426513	0.002287069557332096	0.00337235760510397	0.003727162110244804	0.0040450898001370755	0.004236103302800077	0.004322445450915701	0.004199810910821568	0.004094954498929235	0.004235026646597849	0.004153305730078922	0.003835516795748835	0.003978640594238822	0.004158018307724866
6.7363709577742696e-12	1.2207024517435307e-8	1.1083468503682105e-7	6.24244394929879e-7	3.221578158422573e-6	0.00001825005359591561	0.00009239282863376983	0.0002478984656945604	0.0005747746755980317	0.001190254345033145	0.0017747955976171487	0.0019449082354410074	0.0018622617292193932	0.0017547292164082115	0.001962358868326605	0.0018661182835137127	0.0020763791849629093	0.001861350283338981	0.0018900866014374925	0.0018691671468052987	0.0020041578803729823	0.0020029742965909465
3.3116847126166423e-12	2.4650710981644124e-10	2.1838745570304632e-9	1.1980472971571596e-8	5.811835961640072e-8	3.3019383685836176e-7	3.2072845203410213e-6	0.00003340169514746582	0.00011745612298901899	0.0002800056904004546	0.0003919529279465166	0.0004888369851854241	0.0004269416282363109	0.00044714961521614776	0.00048556215891081635	0.00048485878434600493	0.00047244823227382006	0.0004424772606672009	0.00044025230081879465	0.0004259946498264197	0.00047065259017342375	0.0005013042490579711
1.043035548719546e-12	9.144655920422414e-12	6.967415251040807e-11	3.663990756248442e-10	1.6258871328365482e-9	6.292649160882295e-9	3.82399273457654e-8	1.0905253200661324e-6	0.000012128540882011166	0.000040631631357431394	0.0000612598076072742	0.00006372980004764445	0.0000718803044167868	0.00007783415851497641	0.00006203895498214735	0.00008749835545722791	0.00007075817195331722	0.00006967790265337727	0.00007224945404888892	0.00007153566083967993	0.0000781510952400002	0.0000662643261521619
7.9848195711597e-13	1.455964201843311e-12	6.2917900704289986e-12	3.0169123476849236e-11	1.3543631757226892e-10	5.845875343344105e-10	2.963862728948304e-9	1.0324884249389813e-7	2.535186824754675e-6	0.000014187926729549904	0.00003230645405275644	0.00004177709215660761	0.00003776454365158977	0.000038137351004469824	0.000029287965968194145	0.00003116213656465955	0.00003461859521640161	0.00004019292905818712	0.00003445567784568431	0.00003557553778346873	0.00003400763132910702	0.00003477182244044079
4.261675815579489e-13	4.323112985246717e-13	5.10421138454963e-13	9.494824171738626e-13	3.1428508389436262e-12	1.4696077342768054e-11	8.81640167941981e-11	1.6415829059534124e-9	1.414371628611516e-7	1.7515850702470403e-6	5.330157512260254e-6	5.903458931292712e-6	7.77667560452995e-6	7.643655982925538e-6	8.337551272359982e-6	8.457555364894975e-6	5.93207916308495e-6	8.753020801836825e-6	6.356372098235586e-6	7.287364942158972e-6	6.539764412939083e-6	6.865564834919428e-6
2.6780036087102963e-13	2.6750998088775616e-13	2.6921996298095107e-13	2.8221724780587203e-13	3.4944011142346274e-13	6.615010358203337e-13	1.866781773627475e-12	1.080395678361956e-11	1.0533112142409943e-9	6.713297687203618e-8	4.1666335552648256e-7	7.073788142121608e-7	8.542407823087172e-7	8.623019101939657e-7	8.326638045700255e-7	3.4948736584661336e-7	5.709917676574215e-7	6.391240329110161e-7	8.319093319571905e-7	7.695224766368563e-7	6.584279992710397e-7	9.313861358734044e-7
7.085905210907864e-14	7.111456398569329e-14	7.161888071984955e-14	7.25870050899798e-14	7.426555646860544e-14	7.616765632539495e-14	7.911042192480598e-14	2.694218994580504e-13	2.85425236370672e-11	1.1524215484790954e-9	1.137777603863289e-8	2.4112544669800762e-8	2.060125567862768e-8	1.9881768142717277e-8	3.182165215946709e-8	2.043943910051778e-8	2.3211250965869905e-8	1.8756769476247133e-8	1.8687922069784566e-8	3.943769496870172e-8	1.72319767018198e-8	2.107807229989704e-8
6.978655652179276e-15	1.1743769295054046e-7	1.0847774853525293e-6	6.180939712075134e-6	0.000030226659417305063	0.00012997570854093388	0.00033701266054261543	0.00028840039023844466	0.00045666172317323475	0.0007201191402885973	0.0008588512130558856	0.0003447915872778168	0.0002760427608799971	0.0005908089570171153	0.0004344939405110392	0.00043738835248186984	0.0001858073892892387	0.00040892403428513605	0.0003183067289941758	0.0008028904835185044	0.0005571024965693597	0.0009436597245451739
9.282358076237535e-15	1.7832328789741292e-7	1.6003617655352756e-6	8.605817367840867e-6	0.000037560745177818674	0.0001321450583621006	0.0002984514910610359	0.00042376776424480825	0.0004333884299136905	0.0004928023448193091	0.0004821735662684877	0.0009006151263184727	0.0006139668801292395	0.0009637792602528577	0.0011262946727859536	0.0007095094373292935	0.0004923916969400478	0.0004374511985720492	0.0005784920683293054	0.0008108764021298716	0.00052173935962926	0.0010027359134958857
6.4023781988970676e-15	1.7043294502911214e-7	1.534605296497294e-6	8.281520768713982e-6	0.00003593210538521767	0.00011678847224817509	0.000139617612011361	0.00018059022535943327	0.00030905409657273344	0.0005088732275428613	0.00044567541505608307	0.0007275319350280402	0.000518996478613834	0.0005325746113217576	0.0010498487612899678	0.0007891379689841493	0.0005334630212924516	0.0005526851414475554	0.0005893475375314321	0.0006070018865909743	0.0004280952443778506	0.0006299334011312331
1.2524030882827697e-14	9.742381825151176e-8	8.682389248994305e-7	4.598623002933084e-6	0.000019390995100625262	0.00006212016997012162	0.00009851376084211709	0.00018280665998234613	0.0002708311591375843	0.0004684604617911949	0.0007050081606022648	0.0008714934315684318	0.0009072520120006595	0.0008349522127594695	0.0009536114560040584	0.0007308467873462074	0.0008508356474803443	0.0006567108651197437	0.0009404119495281768	0.0009749851200754102	0.0010288870679040218	0.0008666927905231394
1.5909131884027167e-14	1.090247718530325e-7	9.786693898378611e-7	5.230820601926388e-6	0.000021948934317289793	0.00006352476865180109	0.00006803505032952997	0.00009917650156236356	0.00022760629317546016	0.0003419422781052186	0.0005275893001869212	0.0007404706454621161	0.0005964337579665508	0.0006330691630899242	0.0006704472792209716	0.0008659664475013251	0.0007253898318687824	0.0005860059502869807	0.0007031222031498839	0.0006745216699322151	0.0007460947064890058	0.0006939934558648318
5.856909153538186e-14	8.869627343192981e-8	7.970239733727188e-7	4.26598895487368e-6	0.00001790993585925199	0.0000518906511148818	0.00007347543593601143	0.00010019635746624384	0.00023200131895180303	0.00045379850659131013	0.0006097183354575534	0.0009185900096240259	0.0008325689065538281	0.0007684112716546234	0.000884357238604242	0.0008950840759606812	0.0009511557903101105	0.0008436120001999392	0.0009151442047154623	0.0007239112092600339	0.0009258892410470888	0.0008855118391842262
5.5635303140802474e-14	2.6281008635620107e-9	2.3309430437376433e-8	1.2470537041545714e-7	5.824442351021118e-7	3.0638687074601605e-6	0.000020741794101123915	0.00007164227594990438	0.00018034360800564604	0.0003775074893959118	0.000577553280419086	0.0005854006448024346	0.0005622474313549792	0.0006376981036094817	0.0006378422822725523	0.0005787146938347613	0.0006131893620989592	0.0006409252536533217	0.0005880573624435317	0.0005351420830752071	0.0006097849135621699	0.0006470297724480333
5.5003128757624895e-14	1.2624082827677048e-10	1.1245908020169641e-9	6.0808088097121206e-9	2.9602590405870632e-8	1.8965822148730552e-7	2.118647729357944e-6	0.00001878780441533349	0.00007042452836342527	0.00014754254962982285	0.00024518551910890704	0.0002908152053678847	0.00026140835668507197	0.0002973027746518598	0.0003078229964619567	0.00029368670869880893	0.0002551336506826392	0.0002561579588217475	0.00025953507472983997	0.0002848932451261112	0.0002985144441660372	0.0002876720485575301
2.843703186917769e-14	5.2945235048828035e-12	4.7663479707376915e-11	2.6106091682118677e-10	1.2246155353981761e-9	5.794036086996999e-9	4.8706457973214634e-8	1.0871629612969803e-6	0.000010908347117236267	0.00003348840937809254	0.0000562702853542862	0.0000638602871995741	0.00006760897940360433	0.00006818271998547652	0.00007411662696099829	0.00006896127784641737	0.00007291794632392624	0.00007719293573188393	0.0000657293580590052	0.00007696475735465318	0.00008396798199048542	0.00008328853477522128
7.878363950072573e-15	1.238932768377226e-13	1.01901757678786e-12	5.523616161841199e-12	2.5725362166666824e-11	1.1074364091560479e-10	4.377428314940702e-10	1.041539611339159e-8	5.615143686609803e-7	3.788376654158055e-6	6.485227390110523e-6	0.000012827090540493627	0.000010732347489695531	0.000013155294589850456	0.000012204018950598771	0.000011459046697237279	0.000012336971791848542	0.000012608390271061343	0.000012379839397542342	0.000012454764633023845	0.000011410003298547717	0.000011069598822448525
7.60016363262036e-15	1.137759890234139e-14	5.391494216100235e-14	2.74670588364678e-13	1.2595398203069238e-12	6.043757296060313e-12	3.7472948995540285e-11	6.26237417529863e-10	5.906528776200637e-8	8.877129941161057e-7	2.741243832267077e-6	4.755622982327243e-6	3.6762050834437e-6	5.202867309349258e-6	6.033287780720462e-6	5.441632396194551e-6	5.822474558658049e-6	5.168165705889356e-6	4.375803311075272e-6	4.147616150710456e-6	5.057040350113897e-6	4.322175547252767e-6
2.9842013733667057e-15	2.579138771519699e-15	3.399421349630607e-15	1.1549780476572251e-14	5.3346708960457824e-14	2.2982748367932803e-13	9.342933109347355e-13	8.875659968187113e-12	1.4206529594692867e-9	4.6154888615042405e-8	1.9778906554423987e-7	3.3719682993286773e-7	2.1675370421992027e-7	3.383550011912807e-7	4.713310472265717e-7	3.6412407866736903e-7	3.831117790559347e-7	4.4620367252594175e-7	2.5933022701065785e-7	4.769188105041319e-7	3.46282414306866e-7	4.970157836935462e-7
2.219510370901427e-15	2.2393724081369175e-15	2.2966539407964064e-15	2.4790073181506936e-15	3.0934240186019907e-15	5.1357920283538865e-15	1.1312136362513596e-14	5.253254287281401e-14	4.069729886596074e-12	3.349298408290686e-10	4.036995379854675e-9	4.7999695093874934e-9	4.207009925874168e-9	6.7196912226225725e-9	5.999996340739576e-9	2.8686696712279436e-9	4.402035069071728e-9	9.785303508325196e-9	2.8326978563639605e-9	4.800035378559692e-9	8.064970922543266e-9	3.102678620587315e-9
7.092897388811172e-16	7.14806877045781e-16	7.262352371773868e-16	7.506394007342438e-16	8.051240260770859e-16	9.281683006142893e-16	1.1051140129970695e-15	6.196260037095887e-16	1.4598095814001862e-14	2.8679805527343404e-12	9.745298430955821e-12	1.3536540793549076e-11	1.2381751941129726e-11	2.127669394998408e-11	3.4902394265385367e-11	1.8556021649820574e-11	4.4068817494198816e-11	2.0321915036320435e-11	2.3384875412667645e-11	6.135022306052057e-11	5.405430918095008e-11	1.6234283919840747e-11
8.912800115169054e-17	6.877221488192015e-8	6.223508803184962e-7	3.402956269443717e-6	0.00001531355866115568	0.0000553295769023851	0.00009863803680388373	0.0001732232042595566	0.0003265934886159039	0.00012593644972204562	0.00030470691458282453	0.00021222825510375132	0.0002711936984141821	0.00016678185414437807	0.00012885697769208671	0.0003376172834046621	0.00006886670154432982	0.0003070584968875536	0.00009123818735083214	0.0005077036205335305	0.00023660820254058743	0.00020338595768829116
4.737735445454113e-16	8.209625816864174e-8	7.324056580786813e-7	3.892840755792487e-6	0.000016644398215271598	0.00005773320615999222	0.00014226779819784767	0.00011183437609539998	0.00022324736685483605	0.0003076712908482202	0.00020831143840863874	0.0006882889350357875	0.00040508564046345475	0.0003293884908991717	0.0003593829254733261	0.00047472746489492517	0.00025588785697720827	0.0005231592589953009	0.00041860338146696785	0.00038080215966323176	0.0005184801055682223	0.00045745773810516865
6.468398888428108e-16	3.138158003800457e-8	2.8368839113579787e-7	1.5489915565357257e-6	6.961375269994375e-6	0.00002508731727946358	0.000053072957989296726	0.0000747905530684185	0.00020605560829745773	0.00024157143009930821	0.0003620563286504006	0.0004247826196948977	0.00042126158539468014	0.00038698649543518303	0.0002642384128446547	0.00042233850673735013	0.0002815672697467114	0.000370373318121821	0.000296583530249323	0.0005024868182145003	0.00033813982523356334	0.0003513734095133638
9.274082119857257e-16	6.070434932637189e-8	5.455443772711868e-7	2.9305722141502337e-6	0.000012555221472182056	0.00003952452112370997	0.00006180551557022918	0.00006588689414911482	0.00012786430158505922	0.00022866759945162964	0.0004385914190584821	0.00044339715000916513	0.0005300447955261607	0.000472149601397309	0.0005442565908793626	0.00041340879207651265	0.0004547946579728092	0.0005363835924724496	0.0005313573913798804	0.0004999967108586283	0.0005650354848777879	0.0005585873761073158
1.0554580145955512e-15	3.482118133471469e-8	3.1476708012546877e-7	1.7120814300684926e-6	7.5531071795422125e-6	0.000025947475860827824	0.00004662617928854863	0.00004366463447140252	0.00012166646389645071	0.00017589200118854105	0.00035905593956980596	0.00026533472587210894	0.0002786504973788932	0.00036879824310517194	0.00030159985029829965	0.0003119346628657537	0.00042317340039832864	0.00025836076862464534	0.0003661118670850672	0.00031731274276121987	0.0004065187748036879	0.0003599125940155115
2.458388628529874e-15	2.840023019857113e-9	2.5962998098232285e-8	1.4960537661528588e-7	8.193410616459716e-7	4.869914976695677e-6	0.00002012192066978642	0.00005713712336624205	0.00010514489144732802	0.0002506867360049655	0.000321510175295078	0.00038113299813431046	0.0004228199342061324	0.00031143101760383086	0.00041620492049916435	0.00034185914174774616	0.0004104518006531482	0.0003518287742468039	0.00040596917432622246	0.0003131619256998642	0.00046740265505404476	0.00038612655909221814
3.861172196418978e-15	1.8513254040177522e-10	1.6733634871256896e-9	9.315236395255039e-9	4.710071839876368e-8	2.8833661931542715e-7	2.7027392498189868e-6	0.000018427775041412184	0.00007816358283282588	0.00015200161682472798	0.00023004534358015167	0.00025973983580010283	0.0002752435783587365	0.0002605568438058256	0.0002846424684357985	0.0002771269098558207	0.000233014133320071	0.0002697397275940304	0.00025987240305029206	0.0002667661405026387	0.00024311170872531887	0.00025954744696387666
2.7493063692964524e-15	1.6077867376969923e-11	1.444724520688291e-10	7.848836179881585e-10	3.6130315575974115e-9	1.6352780086471787e-8	1.4455280157555992e-7	3.5928244212920715e-6	0.000022171838596700007	0.00006874092481653354	0.00009743971953878753	0.0001302790767622037	0.00013700209418951402	0.0001195521187728785	0.00014517573736479912	0.0001448310048107444	0.0001163006573989691	0.00010630657728169233	0.00013493820743024903	0.00011751485455790746	0.00014043384481827496	0.00014028425758113585
1.5508973028333252e-15	7.569432562635772e-13	6.725690136862962e-12	3.6397159475575525e-11	1.656351323027676e-10	6.904421887259909e-10	3.015323186680624e-9	7.23221458860462e-8	2.520615550184793e-6	0.000013963490288677882	0.0000316601666566146	0.00002856136870693223	0.00003693101055884493	0.000036812468553160815	0.00003215242976073719	0.00003447054808331813	0.00003266925562151616	0.00003480156177812052	0.00003551830317170443	0.00003003032189627838	0.0000361759986641423	0.00003308303523696167
4.81256520758754e-16	5.927577862683927e-15	4.698124659204015e-14	2.454193678459976e-13	1.0807847319974642e-12	4.406953306007306e-12	2.3696800386894746e-11	6.310177470920115e-10	8.369422730550574e-8	5.668872964555256e-7	2.722204501917754e-6	5.054683088643283e-6	4.871359268441164e-6	4.261452690160957e-6	4.569770887367805e-6	4.012479740477285e-6	4.355369563240857e-6	3.886337598866618e-6	5.72782520833821e-6	4.410216895051585e-6	6.056295621871488e-6	5.5670209574295574e-6
4.79710185371841e-16	9.808874886476665e-16	5.2577848136424405e-15	2.7008605939733572e-14	1.2419803117897227e-13	5.526923338476915e-13	2.9783115399872672e-12	2.4834901295780017e-11	3.993901702254984e-9	1.572739350413567e-7	8.501484230136899e-7	1.0360220082331466e-6	1.1086839848698872e-6	1.1326588679288827e-6	1.2526452783647756e-6	1.3184249259900041e-6	1.2613525908792669e-6	9.386297485476673e-7	8.397601199568375e-7	7.554347864687879e-7	1.5085692428453265e-6	1.0850886017164601e-6
1.5255195773421295e-16	2.0228138888307522e-16	3.6840055323331034e-16	9.762909516721218e-16	3.411389212479508e-15	1.4614968539387442e-14	7.459846928236806e-14	3.23088141956894e-13	5.1430009811249194e-11	1.7066625077167087e-9	1.2535552816281795e-8	2.8464497116109303e-8	1.4782094249099371e-8	2.9257038306455962e-8	2.8690489012155844e-8	2.6455297480401115e-8	3.823641653391181e-8	5.992817101843913e-8	3.0916960014018023e-8	5.012587558859706e-8	3.328197548217513e-8	7.217226121517275e-8
7.792078936587268e-17	7.875968470229775e-17	8.094799802053992e-17	8.743852750944918e-17	1.0948996203638577e-16	1.9489748081172025e-16	5.6699732567735e-16	3.68763884460461e-15	1.0114950888544073e-13	6.983672657192605e-12	6.380687493937594e-11	3.236379397067612e-11	1.2282918501551953e-10	1.3034613202811725e-10	9.715529753377817e-11	2.4832488293890278e-11	1.1705929660204218e-10	9.746693172951658e-11	4.7162243232839365e-11	8.668501094552651e-11	1.9063143481474995e-10	1.0540657603248906e-10
6.512997696410318e-17	6.506741998966742e-17	6.494002459031313e-17	6.467474623628379e-17	6.409117625622993e-17	6.26387196260419e-17	5.862885091522475e-17	5.4957215793706094e-17	1.906228356024782e-16	1.0074410109205393e-14	7.913325031032896e-14	5.226151572717925e-14	8.170252994546175e-14	1.1497527026416254e-13	1.2023952508773833e-13	8.837292199348268e-14	3.079157586604685e-13	4.7765207781270214e-14	3.007226390762924e-14	1.0735849969603075e-13	2.7988153222683517e-13	1.536673668020522e-13
8.586530496688295e-18	2.3935688511477718e-8	2.183670124468162e-7	1.205022104838912e-6	5.384911066964667e-6	0.000017621678492726032	0.000022082412129085433	0.00002965983956927196	0.00003415714203038517	0.00006023486269500068	0.00010682615179373651	0.00011310340809186235	0.00005685576139896137	0.00010269887666561914	0.000059137767119309284	0.00007208153495923756	0.000027019986198233764	0.00011647949824143695	0.00023297093430799232	0.00011405653632850005	0.0001574370957801316	0.00008549862076504802
3.426088917873331e-18	1.667325098239269e-8	1.481861552041116e-7	7.741215037082461e-7	3.0751642214611988e-6	7.99978620469347e-6	0.000013610845476996052	0.00002457413231993568	0.0000725731705486983	0.00018918177513666106	0.000060439551611235505	0.00014882499996166315	0.000326482831790564	0.00018845180864293057	0.00010297962215472865	0.00008232960550337238	0.00010522899342897265	0.00019248349728858823	0.00009059117064504203	0.00011855215959465617	0.0001293737007093543	0.0001537237645191946
4.8274650550563344e-18	5.660681991272573e-9	5.183981301555283e-8	2.9366178411681337e-7	1.469283033033022e-6	6.936317814475921e-6	0.000017512990873064613	0.000014034005834147269	0.000047219880421172676	0.00010064493602964227	0.0001330111097883286	0.0000899807527183312	0.00008659371273796412	0.000058076274237370406	0.00013305160874906008	0.00014647661533096892	0.00019578349477035348	0.00013315402385996047	0.00009376845192771682	0.00010992429924903815	0.00022231931399192438	0.0000935181050503997
1.6811761552342217e-17	8.087344431883401e-9	7.199273056534226e-8	3.7997632794505854e-7	1.5839784484178273e-6	5.0485349011845154e-6	0.000012517536931499847	0.000011288973962483856	0.000040422073968489035	0.00008435115042021775	0.00015920729714389065	0.00008493802154734241	0.00011329292102726395	0.00010560167764720431	0.00010763337785906086	0.00016360171625606467	0.00013928703021526202	0.00007792489496538493	0.00014291431480665766	0.00012409223409291933	0.00011697198906462091	0.00023030176789923845
2.1933666277927733e-17	6.688582824158757e-10	6.378570369150827e-9	3.945136425905788e-8	2.3590166165441168e-7	1.4977891042623165e-6	5.973958771897348e-6	0.000013969987478171174	0.0000330663831690106	0.000039863253049803714	0.00006814736709903316	0.00007332248222403548	0.00006692372709968346	0.00005565232552770919	0.00006420932790084556	0.00006960469961799293	0.00006440553787937153	0.00008945891210649249	0.00009030476630051193	0.00008175947306196543	0.0000971091030859505	0.0000642562781423822
4.004576576448677e-17	5.849979494894751e-11	5.287428314553929e-10	2.9265427359350268e-9	1.4151222487468422e-8	6.962894882285628e-8	6.440481752101525e-7	8.023444243995864e-6	0.0000197926009837803	0.00003461819990785787	0.0000750176437017568	0.00010439465417292457	0.00007352202400208764	0.00008899164889749544	0.00008683972741196393	0.0000968260311484815	0.00006092274437678265	0.0000686982578462703	0.00010556846016019958	0.00011363959674639317	0.00007933655794079502	0.0000579316600482113
4.2591791869013375e-17	5.870297066487681e-12	5.267169829905471e-11	2.8528851524912566e-10	1.308744302762374e-9	6.085227614704297e-9	4.8231231078633914e-8	1.2110891436460507e-6	0.000013311108158247978	0.00003078334547484061	0.00005665975157451855	0.00004954584859139575	0.000055424845894216784	0.00005881400056416112	0.00005079851747001902	0.00006404983744055407	0.00005818760682308724	0.00006181925369166585	0.00005654590670073844	0.00006938970384130368	0.00005660139910599085	0.00005560208176835057
4.391790722146674e-17	5.300790448997168e-13	4.759599060993738e-12	2.5772496133641715e-11	1.172693652896002e-10	4.975483794798207e-10	2.394502030283642e-9	1.0372385515855675e-7	2.7143867777809707e-6	0.000012996766089956677	0.000028633813010513748	0.00003074527520623624	0.000032378114105098567	0.00003340651309261219	0.00003215884286699848	0.00003402231094144072	0.00003734952482038088	0.000029957813440207812	0.00003113726448739364	0.00003087793212551906	0.00003238885256154652	0.000028445428966356346
2.874626530046602e-17	1.6205239530640162e-14	1.4347308486563017e-13	7.628857005770779e-13	3.349672652999951e-12	1.355434958611891e-11	7.16816150917322e-11	1.8042113172058372e-9	1.333462930396854e-7	1.5412414314842153e-6	4.9263841633732334e-6	7.134967094234005e-6	7.909275014318022e-6	8.685756078787624e-6	6.2045761533463484e-6	6.8984630827043306e-6	6.245809427397651e-6	7.604364222103445e-6	7.119513928438209e-6	5.565039752977172e-6	7.193428916791919e-6	7.611317030461959e-6
9.989233340815484e-18	2.4242475092751675e-16	2.080445723096494e-15	1.1369893761104779e-14	5.30983053642261e-14	2.3160037596889235e-13	9.50596850767845e-13	6.022046410526595e-12	6.634222115809113e-10	4.2668785269328834e-8	2.769732781990088e-7	3.1038793346616816e-7	5.419250643378949e-7	3.8623635882625297e-7	3.358283456209623e-7	4.6181470150010406e-7	3.75669182252003e-7	2.9196787277601235e-7	5.557435480292252e-7	5.428827980139093e-7	3.8661719874874695e-7	4.298567931713321e-7
5.222747305918342e-18	1.525146253027261e-17	9.11639463280938e-17	4.510126174850374e-16	1.898148837981861e-15	7.156171742544677e-15	2.6688089399527114e-14	1.7174625112437714e-13	6.167558098929954e-11	1.0847869438148781e-9	2.2832532408884165e-8	4.4103703984688557e-8	1.8510811530013323e-8	2.2271323949265634e-8	2.8464104150850304e-8	2.8324296610384824e-8	5.9034211593521845e-8	2.354704686924209e-8	4.8048202721924883e-8	2.2728467334711352e-8	4.2012935302123414e-8	6.148278615713083e-8
1.6749200286402955e-18	2.160605591939564e-18	4.013369302231891e-18	1.1326969761611788e-17	4.1060825964822876e-17	1.6626740757219094e-16	7.005017679198197e-16	2.7563035184921267e-15	1.2106956911925124e-13	6.696644839054233e-12	2.5604479377893477e-11	1.9017405955919594e-10	3.8917113831766787e-11	1.5404836460578858e-10	1.3041405431637983e-10	1.9046789265182958e-10	1.9654103229582414e-10	5.021129866948281e-11	1.7700759265020175e-10	3.599727811168375e-10	8.018066900287034e-11	7.322161110354343e-11
2.367193115196199e-18	2.3526004520182764e-18	2.3251234123912404e-18	2.276444735235862e-18	2.2031222555288597e-18	2.1964488774846364e-18	3.776096804505064e-18	2.238373762521481e-17	3.8868779487860753e-17	7.709476152431988e-15	7.182085363825873e-14	4.4445186037411985e-14	4.2701721326584524e-14	9.656457769263087e-14	1.3207408931457718e-13	3.624637680179316e-14	4.653058355863535e-13	7.046119916858766e-14	1.015390392241251e-13	2.3513142220916866e-14	2.0080295888026378e-13	4.614494257613188e-14
8.247372686897671e-19	8.312532915009834e-19	8.443384748191689e-19	8.707053922732402e-19	9.240735467216578e-19	1.031824912342821e-18	1.2385117078425156e-18	1.6130821880057402e-18	1.783176723242693e-18	1.6212371798527242e-17	2.2576888181944422e-17	1.633902351417706e-17	2.7910988618905456e-17	1.2550520770765619e-16	8.909767528695696e-17	6.327192084658519e-17	2.7518250795898735e-18	5.882145919520969e-18	2.8147448410627425e-17	2.1684016343100615e-17	9.052249399169341e-17	3.255130589680351e-17
7.898044690116092e-20	2.9762085685324547e-9	2.6854943506664007e-8	1.448075624674421e-7	6.139716157874574e-7	1.7811510849038496e-6	2.8504521857403374e-6	9.59684666940865e-6	0.000023794010361328728	6.616814349648399e-7	9.051512228134783e-6	0.000013992395432040669	0.000013688921047713547	0.000021359428928580733	0.000040008959083625974	0.00003402345256638186	0.00007507786300591162	0.00001566542458749422	0.00003270063383218214	0.00011055096968209156	0.000047381644734759375	0.0000861944273972642
9.015463480943773e-20	1.1178742237909045e-8	9.998092565205384e-8	5.331164147060869e-7	2.2808456712964188e-6	7.653531417076921e-6	9.691023667475676e-6	7.592187607597912e-6	5.455571896366355e-6	0.000019106651366356228	0.00005365846099060912	0.00004439825733907493	0.00003177527462850479	0.00009185069623549621	0.00011151818715654879	0.00003406393569495404	0.000041449801563975116	0.00003376158719271317	0.00005630476492642619	0.00004451574047598028	0.00002435369313645584	0.00009303234672407647
9.182759771674189e-20	4.152564738250533e-9	3.6630711663482915e-8	1.8853858927540346e-7	7.269618026762092e-7	1.7836721531757793e-6	3.0006307120732973e-6	3.0481699277861107e-6	7.753577309931444e-6	0.000027449121578253986	0.000030199762279231842	0.000032034252530187074	0.000033266440056920675	0.00003528981296682099	0.000042649384568501045	0.000023544658226086582	0.000033386397544466146	0.000047255183045872216	0.000028017098776974006	0.00005343271180820072	0.00006908336218204289	0.00005530330752237212
1.357063709350411e-19	1.87738355775217e-10	1.6460287823071768e-9	8.58948331597128e-9	3.820082523146677e-8	1.9083756835615925e-7	1.296019801904677e-6	4.570579639485898e-6	6.09317945778559e-6	0.000023269647716351247	0.00003679403006063658	0.00003401648114412233	0.00004419576074321186	0.00003463445871503008	0.000039801876878401996	0.000025373749737396805	0.00002686624251942205	0.000044590624689923	0.00003073048829780673	0.00005450327219878307	0.00006143452007004693	0.00003503076002140133
8.783733688392988e-20	6.567385573003842e-12	6.166373464320757e-11	3.737544863397281e-10	2.3056031606889786e-9	2.06155975520182e-8	2.410034859642138e-7	1.708192382745815e-6	7.958671664589092e-6	7.861514593038708e-6	0.00002277504041824423	0.000026436694478355122	0.000026484184020126535	0.000024138676387934335	0.000021449020586741974	0.000029242517527143318	0.00001976983029984056	0.000014011224447877747	0.000028062454854107223	0.0000177121448592372	0.000026259927444205012	0.000028273679560758697
6.221710773109079e-19	1.763587947501944e-12	1.5884144737269468e-11	8.713038639848417e-11	4.158681103010286e-10	2.1859266068451974e-9	2.2052954836485227e-8	6.066541609106503e-7	3.764187753956181e-6	0.000017908628187084265	0.00001875297809652404	0.000025004789476367736	0.000024806186935099405	0.00003265461604037245	0.000028472560793993218	0.000025350933817220906	0.000017011583910877017	0.000023628470732959023	0.000029877692364033475	0.00002299065183270169	0.00001987507661377826	0.000028606971217186498
6.535413329883394e-19	1.303729423311056e-13	1.156675326110498e-12	6.141749863589263e-12	2.7303858573427776e-11	1.1717220226762916e-10	6.592555401622412e-10	2.355399236038528e-8	8.397061521749489e-7	6.907519617374664e-6	0.000011050248491832796	0.00001813231631417624	0.000018688075211310803	0.00002208622618983163	0.000016309407994838776	0.000016458304158400283	0.00001961652607238088	0.000022614735448213784	0.000016152785539678516	0.00001660520499554091	0.000016017482547106388	0.00001995556447209513
6.563681782447106e-19	1.4020987433082309e-14	1.2686892786662082e-13	7.004518425409027e-13	3.3264497833423286e-12	1.544213143669416e-11	8.177954620042707e-11	7.913688651235822e-10	9.483291154318597e-8	1.53791377475816e-6	5.645136743025512e-6	5.881113080018667e-6	5.307061308190994e-6	7.504309409472123e-6	0.00001040148527139491	6.981664627940317e-6	7.2899947948577115e-6	9.634718356997093e-6	7.69071379414376e-6	6.17907563624585e-6	7.232411414065125e-6	7.245922383369818e-6
3.369178405629126e-19	4.444272664552963e-16	4.008306895959957e-15	2.1900674576350952e-14	1.0110500620666803e-13	4.340912896669133e-13	1.7735948131292468e-12	1.2288378734880722e-11	1.818137672343797e-9	6.28752009331236e-8	3.5601071475166907e-7	5.204167423371057e-7	5.488373722570219e-7	7.991583385217204e-7	1.0295512458421264e-6	5.762816012436558e-7	9.884013156121337e-7	9.90717550191192e-7	4.912957953774387e-7	1.100802650814008e-6	9.589203536164484e-7	5.619016244755915e-7
1.0359132957078395e-19	1.4491707040427268e-18	1.2778433995957415e-17	7.216568017704833e-17	3.5819969836588443e-16	1.801747112317391e-15	9.785215721653886e-15	5.856730866244908e-14	1.7680399384855598e-12	2.338400066528132e-10	1.6479131429132498e-9	5.184440439456961e-9	9.144031432123497e-9	7.510032906367644e-9	7.061963515360669e-9	2.275145537841682e-9	6.743090948905287e-9	3.843638914848463e-9	4.1346534515599334e-9	7.699360969519653e-9	2.7655322415500357e-9	7.426161959824668e-9
5.484338180043162e-20	1.3709952198459056e-19	6.126661862568671e-19	2.8655593811249934e-18	1.3092156424380092e-17	6.148710431165266e-17	3.4093177793350655e-16	2.7579011501273583e-15	8.397734281392761e-14	1.2791960653501185e-11	8.072386671711457e-11	4.855915294467168e-11	1.413193651012153e-10	1.0431714851906644e-10	4.3450833586011955e-11	7.340778305302998e-11	9.578802247646789e-11	9.584636087302101e-11	1.0890013083924329e-10	5.223152075157621e-11	5.891641149253732e-11	3.563567051191191e-10
2.6540747544948246e-20	2.5099982680327714e-20	2.990000099890465e-20	6.919294335470923e-20	2.58732752405981e-19	1.0276001401785474e-18	3.784476103478823e-18	1.4310583733248503e-17	1.9943022285885049e-16	5.631084444744436e-15	1.7085209346504424e-14	5.814287688572395e-14	5.126193779399025e-14	5.0569732646702973e-14	3.272170702945764e-14	1.5060721862632598e-13	4.2920118863531116e-15	2.4751281201019475e-14	2.6331272502070546e-14	6.869850673129441e-14	1.9719522858761634e-14	8.923859712836437e-14
7.585493851975264e-21	7.760131112122824e-21	8.115386885695428e-21	8.84872600850485e-21	1.039891322720085e-20	1.3783916438414866e-20	2.1412529728135385e-20	3.983185762041413e-20	1.5209542701281568e-19	4.75851086998651e-19	1.6200544370664443e-19	4.1714721240814563e-19	3.628930833245566e-19	2.82185055662893e-18	1.78914651221606e-18	8.655452358480603e-19	1.4161035612170809e-18	2.276608992890503e-18	4.803681278403325e-18	1.7006655078582239e-18	3.634381409945178e-18	2.720140135104137e-18
5.3017526793593594e-21	5.3558838393696694e-21	5.4662181179448584e-21	5.695122510541365e-21	6.185420111752904e-21	7.29093689075213e-21	9.924778577262597e-21	1.571672598905266e-20	1.9310185554404226e-20	8.2913455885985e-21	3.07640777924917e-21	4.147765723915169e-21	6.484946764290551e-21	5.253888437818269e-21	1.0270021951872617e-20	2.7690772673742016e-20	9.437853264831967e-21	9.430538154492075e-21	6.442517833813575e-21	1.1060718547283519e-20	7.085459290749738e-21	1.953131832153826e-20
1.965136107153852e-22	7.453512910064522e-11	5.576164944491023e-10	1.9642156484905703e-9	4.084602121828059e-9	6.07468457669599e-8	7.078621301179073e-7	3.3938096694353723e-7	0.000013543185677067545	4.905580259532954e-6	1.2860619483914968e-6	1.5642014326310386e-6	0.00001805790469983314	7.696466266624664e-6	6.758414037883491e-6	8.676892327856743e-6	0.000017914398965915956	0.000010351501856250655	2.2166411569383582e-6	6.028058816207217e-6	2.2067870325558867e-6	8.291077184045609e-6
4.488905043519596e-21	1.5445409001442098e-10	1.3955457681608185e-9	7.535055264943567e-9	3.216567106622801e-8	9.943410348058798e-8	9.647495899496633e-8	1.0738870819297851e-6	2.9942947591727096e-6	4.263526371873646e-6	0.00001283903500588757	3.9252570795684914e-6	0.000011767635227152515	9.29953714420621e-6	7.024803787053302e-6	0.000020637456275041203	0.00001543251719261249	6.423564115219177e-6	0.0000174840235660673	0.000017869463095577718	0.000036853038450558554	0.000010818567923504876
3.4394364129484286e-21	8.168656160525071e-11	7.044366499593544e-10	3.4807207128989475e-9	1.2514408643099137e-8	2.711680312925506e-8	1.2652686697249967e-7	1.4854467507454531e-6	3.1103354491990115e-6	7.16040068898615e-6	6.917123013581065e-6	0.000010112302251906508	7.937108046603374e-6	0.000012547923757650416	0.00001656288494132226	0.000010262251365969137	2.215751385967877e-6	5.6884368079605166e-6	9.319663369718975e-6	6.10397335979003e-6	3.525267941396494e-6	0.00001796132389898333
5.8792568053893095e-21	8.109171810044288e-12	7.107343512012687e-11	3.6729847957444046e-10	1.542346155864572e-9	7.29518861857707e-9	1.088690462093822e-7	1.1444645378875129e-6	1.5846099065081704e-6	4.171542398121589e-6	0.000012470607703693666	5.436687341584089e-6	8.434151157914347e-6	8.061621673205584e-6	0.000011559398106607141	7.887548563461936e-6	0.000010262335714531638	0.00001437256566451757	7.138829023080492e-6	0.0000120628024324968	7.667849122981932e-6	7.070411540087258e-6
3.816882075581602e-21	7.918754053136957e-13	6.970236288464876e-12	3.6220186450554936e-11	1.5005372705194542e-10	5.019568113996944e-10	4.467871460515873e-9	1.8522151707497455e-7	7.319650760660825e-7	1.8180757578081453e-6	3.701736950383205e-6	2.7749965261668282e-6	4.069117373273218e-6	7.463652463547549e-6	5.06030261505655e-6	9.362151263634533e-6	3.684364653239768e-6	5.394392661068954e-6	3.3891157217108445e-6	4.0654650425267345e-6	6.174549249944731e-6	2.302776883216411e-6
1.1878667611537967e-20	2.043844799813904e-13	1.851553718240924e-12	1.0194400229910414e-11	4.7498991261557524e-11	2.00750804107798e-10	7.286510496395336e-10	1.644984917194522e-8	4.57298908098518e-7	3.349235313102682e-6	4.72193741493893e-6	7.983099931317447e-6	5.706461518269075e-6	8.436436809518784e-6	7.849948142510758e-6	6.704763160237228e-6	7.011255599933295e-6	8.376051275810489e-6	9.314591947298756e-6	7.940684259613475e-6	9.300379905909658e-6	5.0108358154937e-6
1.3341858055045249e-20	5.115146514802802e-15	4.667089484384046e-14	2.611753961160017e-13	1.2640555042782692e-12	5.97437345094934e-12	3.5166897609009405e-11	6.625342405507995e-10	7.945714158664077e-8	1.1902998444586208e-6	2.1580362709650725e-6	3.954758647791039e-6	5.270958327449598e-6	4.8015276567970665e-6	5.278732361356041e-6	5.369776164610616e-6	5.086459214907891e-6	3.4671239865686753e-6	3.5889030086046917e-6	3.9416781424827186e-6	4.9066676577873e-6	4.46197604367766e-6
1.28983741386857e-20	3.5477883598155047e-16	3.13145026600028e-15	1.6498242314391647e-14	7.257978907819391e-14	3.248255117475801e-13	2.307218501162416e-12	2.986465018875305e-11	3.10069583374019e-9	1.2040357011629791e-7	6.084422264261847e-7	8.50223154429971e-7	7.048835549076783e-7	7.485133260619618e-7	9.545833864627348e-7	7.202661329054658e-7	1.5183775922923684e-6	1.5118711374407683e-6	8.548988804034546e-7	1.027833898221378e-6	1.0112463506232953e-6	1.1078206764234841e-6
7.56509713855685e-21	6.626542604935506e-18	5.946933171302725e-17	3.236062997192595e-16	1.4980826791838802e-15	6.74652353609411e-15	3.487648514570116e-14	2.557607102478535e-13	1.433231997058376e-11	1.3499859754133837e-9	1.4338987432091572e-8	2.357258833369393e-8	1.3034351493853968e-8	1.2253043932101893e-8	2.0757450286762342e-8	1.2893796614349009e-8	2.0278667373445182e-8	1.2942624814770504e-8	1.1171074640380302e-8	2.856370763521909e-8	3.041281200681424e-8	1.8669606984901057e-8
1.0051114158358293e-21	5.958509614025167e-20	5.359460100743018e-19	2.9306521656691552e-18	1.3499132458434205e-17	5.77584785297114e-17	2.521673071562229e-16	1.8576265657376642e-15	5.951069609994425e-14	1.5466263182803663e-12	1.0459174842870322e-11	1.2026545289790729e-11	2.498038878032849e-11	4.155548854547256e-11	1.4239826845501363e-11	3.0692893201672187e-11	1.231524970258667e-10	2.2553271940179e-11	6.62768234412315e-11	1.445638528792394e-11	3.5039442870581607e-11	1.4217992027066081e-11
1.0908974385913716e-21	2.006110861068571e-21	5.777611043556046e-21	2.0879733749286138e-20	8.028632358478598e-20	3.181453827141885e-19	1.6126744352412387e-18	2.785866274316219e-17	2.2134113171689086e-16	1.2022228138516755e-14	3.3732149806162187e-14	7.719070396283487e-14	1.1677527789917213e-13	1.4252211803820666e-13	2.1563032659643475e-13	2.6311246940106786e-14	4.157800424163682e-13	2.855199112812869e-14	4.3876653309082e-14	5.247338258149132e-14	1.0063754617015434e-13	1.2700900664252029e-13
6.12704678198978e-22	6.337011668780687e-22	7.001299538833044e-22	9.320169963412325e-22	1.806150886998211e-21	5.377216996027522e-21	2.220456799473048e-20	1.127622865210082e-19	6.940220250597149e-19	6.12966298122095e-19	7.728215860785741e-18	3.2445395957640167e-17	2.860169569455606e-17	1.7072443272836333e-17	3.408944292596019e-18	4.7401051348743266e-17	4.44614024951491e-17	2.2979469001814643e-18	3.5877125212644805e-18	7.687591513074475e-18	1.594657381113398e-17	6.840475251559188e-18
1.3598295050220828e-21	1.3631039148282773e-21	1.3695644403192771e-21	1.382015376690874e-21	1.404076639672649e-21	1.4290979173380838e-21	1.3526000597688345e-21	7.213339460448012e-22	7.271966053406236e-22	5.896848975713213e-21	3.987182593386686e-21	5.351023135852446e-21	2.1591501614844873e-21	2.865264884466001e-21	1.4363959174513809e-21	8.377702064702037e-21	6.6351156308046404e-21	2.3568759474943527e-21	1.0223013942324805e-20	5.4552459476209135e-21	5.6861870880007485e-21	5.3817907061266875e-21
1.9163247016940955e-22	1.9127340890168425e-22	1.905576085438602e-22	1.8913854723255807e-22	1.8637810845823697e-22	1.8140369448452313e-22	1.7538745181058749e-22	1.7934232775878682e-22	1.2963108297619543e-22	5.454204983139045e-23	2.1842856189438923e-22	1.5002350476519687e-22	2.216091467858372e-22	1.4823846949736846e-22	1.1304547448782385e-22	2.4987662004180893e-22	9.569822328053386e-23	1.2936162745996068e-22	2.0370155894761994e-22	7.06609960123545e-23	1.9439436255946396e-22	2.123891321712552e-22